	Windspeed	STDeV	Leq_x	Leq_y	Leq_res
1520	5.0	1.25	45760.1883598371	21553.805731495744	25909.37713107114
1521	5.0	1.5	45315.132941421354	27812.507288816592	28849.31398379827
1523	5.0	2.0	45315.765721878546	27327.867251900767	28499.592372867886
1522	5.0	1.75	45397.82593762217	25967.62843123711	27488.263998138842
1518	5.0	0.75	45072.967984858806	18310.33274956918	22772.213444498702
1519	5.0	1.0	45023.33721872602	20576.70065445743	23926.834847970975
1517	5.0	0.5	44989.445527882395	19416.824994679846	22499.692447369864
1516	5.0	0.25	44909.78530027112	19065.63974966792	22095.636043173552
1524	5.0	2.25	45886.29354987999	28422.9660833303	30114.188627028372
1525	5.0	2.5	45907.045115603796	31894.955533790882	32947.2912983759
1534	5.1	2.25	45757.11394570149	32979.78787171914	35084.375413200665
1535	5.1	2.5	45672.973471269004	36807.78209152048	38959.03715287711
1529	5.1	1.0	45320.996868157046	20219.977498761393	24102.336927204495
1528	5.1	0.75	45147.07560830976	21210.072909703875	23790.9138389507
1531	5.1	1.5	45367.32612565877	24676.04793083103	28859.472498528685
1530	5.1	1.25	45159.00693364847	23475.22011680586	25271.382359703042
1532	5.1	1.75	45405.71062120807	30624.82755144655	30588.167739578905
1533	5.1	2.0	45380.50805247963	29869.257287335156	31565.436158933724
1526	5.1	0.25	45067.95584821067	18827.14953175347	22022.260537240752
1527	5.1	0.5	44868.407835823724	19694.72451309168	22183.9085675013
1538	5.2	0.75	44986.910230173715	20808.013630991598	24393.290224037995
1539	5.2	1.0	45264.38054984872	22719.862877142998	27288.414541063383
1537	5.2	0.5	44991.8653403306	19475.65278829538	23090.871951834295
1536	5.2	0.25	44809.40010894651	19590.89172650373	22327.04870361391
1540	5.2	1.25	45360.279554866225	22684.08710638169	25319.480095469553
1541	5.2	1.5	45228.69591916222	25349.315742221606	26910.453926206515
1542	5.2	1.75	45521.675685493115	24800.84454553173	28064.717583354995
1543	5.2	2.0	45541.90642602179	31370.07542982064	33672.54104540362
1545	5.2	2.5	45883.275540807146	34864.43193667973	37778.00084019175
1544	5.2	2.25	45690.28737728655	33587.96952426578	35500.52429860407
1554	5.3	2.25	45794.20530234374	32693.889130677602	34818.229634339026
1555	5.3	2.5	46186.689380173855	37706.86634976076	39434.6473656181
1546	5.3	0.25	45221.23921606254	19738.198407407344	22348.29989269277
1547	5.3	0.5	45151.15160349237	20163.354068244826	22997.508690062095
1553	5.3	2.0	45606.87960819645	32425.802929413407	34318.142098719974
1552	5.3	1.75	45820.13136485194	27087.82913400211	30542.198099630845
1551	5.3	1.5	45618.60709315097	24216.617196558436	26430.475278785783
1550	5.3	1.25	45411.37648630192	27189.059846276254	28455.17862427021
1549	5.3	1.0	45447.06692696116	21883.200533004205	26068.8238275923
1548	5.3	0.75	45212.97843426455	21203.129864278926	24216.351213960224
1558	5.4	0.75	45220.18912434108	21749.864636928207	24406.007619668493
1559	5.4	1.0	45313.49023321853	21909.372174885917	25749.76865279988
1564	5.4	2.25	45592.39149937733	29581.31562090811	30268.70009597326
1565	5.4	2.5	46127.18357980475	33901.78348310115	36718.77767053292
1557	5.4	0.5	45208.810261476385	20543.80404523403	24042.534888776787
1556	5.4	0.25	44995.089926683526	20070.81464980339	23434.936798784398
1562	5.4	1.75	45766.780976113194	28183.134409893846	29500.04387747409
1563	5.4	2.0	45565.382784451045	31331.14407291322	32272.95524653181
1561	5.4	1.5	45610.806524784566	25819.02999097795	29035.032678981668
1560	5.4	1.25	45429.73679822373	25033.039152611305	29474.295373607172
1574	5.5	2.25	45913.95120939168	35062.34177683512	36298.26292990484
1575	5.5	2.5	45925.40949661259	38266.21315009977	40748.53285048905
1572	5.5	1.75	45842.36976767153	28444.54714599681	31939.318005494355
1573	5.5	2.0	45722.309444358674	34334.99917249247	34854.519757023176
1567	5.5	0.5	45274.87971396229	20560.81281971675	24542.382660336378
1566	5.5	0.25	45459.56581710434	20361.821009580428	23945.126125482973
1568	5.5	0.75	45188.73168141722	22171.246751255345	26303.15716472131
1569	5.5	1.0	45634.36152857278	23903.782987515464	27565.68749603202
1570	5.5	1.25	45466.10463128298	24786.795033959657	26711.29359515661
1571	5.5	1.5	45548.15185275637	27553.381326904306	30942.378333458502
1583	5.6	2.0	45912.36310047562	31212.742215974085	31557.089329386818
1582	5.6	1.75	45696.55088762793	27822.16360686345	31625.46564067167
1577	5.6	0.5	45293.693058095676	20612.84252748242	25649.89317371898
1576	5.6	0.25	45601.7754293822	20233.367954938407	23711.89630744569
1580	5.6	1.25	45820.93048324805	25146.188619579243	29347.17026837179
1581	5.6	1.5	45682.52102511553	26151.398110974227	28414.399123195977
1584	5.6	2.25	46033.32723911148	33765.82789673053	35005.110447354
1585	5.6	2.5	46441.94707970787	39826.99916467025	39877.10855757299
1579	5.6	1.0	45410.37396876975	23290.403995098357	26265.46868381542
1578	5.6	0.75	45728.536712644236	22871.593597025105	27127.275977119996
1587	5.7	0.5	45614.64278095382	21309.01007931971	26154.993800910823
1586	5.7	0.25	45455.582788361266	20672.32704697405	24352.2813188745
1592	5.7	1.75	45936.34522113139	29802.793839379803	32104.94113941584
1593	5.7	2.0	45948.09531716607	33521.10753689998	35784.2133665577
1595	5.7	2.5	46380.217835941265	36608.230353137915	38347.66058137616
1594	5.7	2.25	46023.91330457381	34807.10018558534	35240.61411029212
1589	5.7	1.0	45672.68325413019	24158.002383274208	28510.291321958914
1588	5.7	0.75	45442.72615594821	22517.21468676288	26726.043662877197
1591	5.7	1.5	46201.13656456889	27424.776641614022	29701.58667353434
1590	5.7	1.25	45766.631172841466	27090.881852664585	31044.358682876657
1600	5.8	1.25	45658.00755936505	27455.082065303905	29786.901909105254
1601	5.8	1.5	45433.28567965503	28912.488322823185	31280.18235187669
1605	5.8	2.5	46587.53327567942	38317.443787111944	37835.49439569477
1604	5.8	2.25	46156.28858437184	37655.09389277273	38845.944604752425
1596	5.8	0.25	45330.29651392398	20248.105030996554	24756.767369958736
1597	5.8	0.5	45786.6469648913	22086.247913755564	26081.428318922644
1602	5.8	1.75	45892.20054659086	33131.63671549708	34743.26319383279
1603	5.8	2.0	45923.381186198596	33696.59609013296	36385.05750125034
1598	5.8	0.75	45817.0108387938	24088.732446681566	27334.613276104446
1599	5.8	1.0	45726.49484060515	24979.463190673483	28105.310012401857
1612	5.9	1.75	45805.95079232419	31293.925657992215	33748.34233791282
1613	5.9	2.0	46078.89141744664	37238.709840433046	38223.48618892101
1609	5.9	1.0	45799.412345995035	25742.074422618003	29899.633082765245
1608	5.9	0.75	45462.35169026389	24608.706922604342	28999.343560722806
1614	5.9	2.25	45948.28379511885	35116.73066314535	37100.35230954856
1615	5.9	2.5	46435.30635807376	38745.534271513105	39139.73253563058
1607	5.9	0.5	45573.41481431038	22645.679815653504	27161.10026844108
1606	5.9	0.25	45893.156970922326	21493.22496144832	26099.91046259577
1611	5.9	1.5	45863.30801384984	29328.985112830498	33268.822566365365
1610	5.9	1.25	45961.843775532725	28905.775888060274	30953.127822818213
1620	6.0	1.25	45859.466517607085	33306.04842110288	35793.91533136242
1621	6.0	1.5	46032.11852260754	31158.446120348082	32899.70743447343
1622	6.0	1.75	45946.036011071636	33050.816928629545	35819.28848698188
1623	6.0	2.0	45885.808268676774	35150.10551989497	36275.82403074855
1619	6.0	1.0	45743.982191603296	28235.699941900246	30658.266822541347
1618	6.0	0.75	45789.80930992805	25478.029093717734	28479.91385981138
1625	6.0	2.5	46322.00451781614	40409.365511497854	42323.40950913578
1624	6.0	2.25	46920.00961299235	39796.40459762643	39967.78846907024
1617	6.0	0.5	45713.72332192637	23444.69483000687	26542.769663210274
1616	6.0	0.25	45956.42971864064	21947.51185695198	25968.716564460887
1630	6.1	1.25	46171.20012963281	30103.85971240225	32458.29118953182
1631	6.1	1.5	45977.177047428	32244.864418225752	33884.90069200458
1635	6.1	2.5	46314.09067991793	42416.13667274636	42942.63616680209
1634	6.1	2.25	46286.139044936834	36444.146627238384	38414.310021761965
1632	6.1	1.75	45979.58110249201	33184.17524133949	35149.53343929541
1633	6.1	2.0	46160.27435766879	38497.60709635364	37980.60099956829
1628	6.1	0.75	45899.53582473294	25776.67550511027	29741.792821152212
1629	6.1	1.0	45889.383927587	28096.357492347895	30817.43332999891
1627	6.1	0.5	45725.57694945262	24433.25570509591	27806.481053511943
1626	6.1	0.25	45711.874209746595	23277.191046718995	26795.41951623557
1643	6.2	2.0	46593.669012319595	34112.70671770138	35270.913177759416
1642	6.2	1.75	46291.22118420958	34753.03802561144	36653.76124467906
1641	6.2	1.5	46146.43441785607	31368.008781862714	33209.56594961454
1640	6.2	1.25	45948.43817765445	30867.915897846	33149.09457670067
1645	6.2	2.5	47198.819607981706	42666.709154489574	43275.499012258726
1644	6.2	2.25	46261.04538134896	42981.941235047205	41922.16804657581
1637	6.2	0.5	45844.205907338284	24381.5455911152	28447.34218261735
1636	6.2	0.25	46069.283360350986	24185.348770105065	28088.859678582954
1638	6.2	0.75	45984.029299642054	25679.66800714551	28864.3817881591
1639	6.2	1.0	46057.31814886141	27338.65365922806	30468.396279817043
1655	6.3	2.5	46915.63683994124	45267.97041935455	44897.32578513479
1654	6.3	2.25	46441.027668376846	39519.31165148683	39767.14754051772
1647	6.3	0.5	45926.12743280266	25821.23309130642	28814.658544900474
1646	6.3	0.25	45893.96890669842	24136.942075950526	28258.089443254506
1653	6.3	2.0	46630.44996364236	43188.46203071938	46159.490878294404
1652	6.3	1.75	46520.16101822005	34910.348281846425	35537.61735862872
1648	6.3	0.75	46049.744488695964	26850.065780430356	29961.20633923968
1649	6.3	1.0	46000.43563489676	26947.368499413362	31359.482581758777
1650	6.3	1.25	46342.29624720821	29785.877893916047	31770.02721103361
1651	6.3	1.5	46084.500552456724	35313.432256156586	38586.50894316599
1665	6.4	2.5	46462.40910729226	48278.174853763565	49993.891228233435
1664	6.4	2.25	46628.390852928285	41062.760199036136	40874.7664960254
1660	6.4	1.25	46093.601814498994	31634.70225534412	32577.32615855674
1661	6.4	1.5	46441.77025926894	36016.867920825796	36025.21270115137
1659	6.4	1.0	46314.81559917355	30327.37760058083	32658.146787229947
1658	6.4	0.75	46130.103301215735	27873.00261066626	30082.791227434718
1657	6.4	0.5	46158.91691669918	26930.84446796181	29434.867981097217
1656	6.4	0.25	45932.479395198076	25862.112248861817	29430.725285626628
1663	6.4	2.0	46680.02583434152	36876.27583714754	38983.51493722392
1662	6.4	1.75	46125.575162745554	39453.67073163731	40879.00067546387
1668	6.5	0.75	46211.983317863414	30541.692598625013	32659.719438769047
1669	6.5	1.0	46125.800688365816	30254.917039977474	32989.13257118633
1666	6.5	0.25	46046.42510570472	26314.129646195277	28860.918646931223
1667	6.5	0.5	46186.37098627826	26780.689361115892	30931.00327644839
1675	6.5	2.5	46395.158960800996	44190.98419553648	45614.10095114442
1674	6.5	2.25	46573.85832238132	40039.39062250313	40857.26191935927
1672	6.5	1.75	46634.91244333606	40740.85174417559	40703.1776552325
1673	6.5	2.0	46520.71476308019	39031.688094001474	38903.46414065997
1671	6.5	1.5	46186.243663173795	32177.443632653383	35680.404073299724
1670	6.5	1.25	46246.967262801016	32770.12581697803	35629.04729373073
1678	6.6	0.75	46295.20816380504	30143.065872673844	32288.513564531862
1679	6.6	1.0	46235.39711060043	33340.07632973696	36797.463875652
1684	6.6	2.25	46840.68501447614	44341.64156867917	43996.73500433555
1685	6.6	2.5	46703.52917584989	46165.81907578737	45853.02211777736
1677	6.6	0.5	46252.44393044846	27832.918090282805	31202.62397057625
1676	6.6	0.25	46278.411620520805	26067.737122049137	29987.96606680308
1681	6.6	1.5	46585.239557375884	36129.59013550078	36935.47593007212
1680	6.6	1.25	46208.199532554936	32045.56744534501	34490.14366367536
1683	6.6	2.0	46430.773806614125	39173.94342521677	41969.860415655945
1682	6.6	1.75	46515.04074678928	36072.02170440652	37324.457062469795
1689	6.7	1.0	46418.54706005764	31946.89348436726	34329.67835919399
1688	6.7	0.75	46428.12281000329	30718.942486587242	33464.231781982504
1687	6.7	0.5	46336.81208239989	29033.50797356335	31827.243660532928
1686	6.7	0.25	46439.48371539716	27004.64666988354	30778.891580776934
1693	6.7	2.0	46931.60944316305	44323.75403525136	46840.62685608816
1692	6.7	1.75	46626.785036051544	35817.508659357285	37404.65241694745
1691	6.7	1.5	46510.89643348918	33065.869790108074	35233.403505717826
1690	6.7	1.25	46501.11473522625	35841.66647760941	37113.26393599565
1695	6.7	2.5	47255.710068911765	50537.28667471339	50359.45168684287
1694	6.7	2.25	46775.005309358065	46943.07513368113	49291.67490966572
1704	6.8	2.25	46812.31789374608	44582.46673141951	44404.99016082654
1705	6.8	2.5	47092.67223490909	47630.71989356949	49155.30473029846
1702	6.8	1.75	46529.18816128189	38070.44898825228	40533.39595090095
1703	6.8	2.0	46937.44506269816	46618.27430270431	47836.969588925815
1696	6.8	0.25	46453.81908917598	29741.282479441994	32953.54021838052
1697	6.8	0.5	46504.073138523025	29622.75408650077	32005.33049625827
1701	6.8	1.5	46646.067936646024	35755.78994148819	37735.41829320685
1700	6.8	1.25	46616.52964937876	35442.99118418743	36768.37746556961
1698	6.8	0.75	46339.18220901618	31148.38148497904	33866.85553979432
1699	6.8	1.0	46435.28690507525	35091.51885506449	34901.9921590986
1706	6.9	0.25	46141.12863292759	29816.75071318696	32235.030433988923
1707	6.9	0.5	46492.31296764178	29997.63154673828	32490.202020540044
1709	6.9	1.0	46450.48012909405	31629.068777118027	34144.975017597644
1708	6.9	0.75	46499.12455735444	31072.376737387825	34421.919442813894
1712	6.9	1.75	46623.0924537865	40368.09609633433	40649.929862521516
1713	6.9	2.0	46925.00217027546	43067.58170205267	43211.397023666075
1710	6.9	1.25	46675.08608038861	35455.802702679175	36597.5262885231
1711	6.9	1.5	46483.132257320874	37483.81192457054	38894.621676225404
1715	6.9	2.5	47241.55159567413	44633.03130382693	46798.104002604596
1714	6.9	2.25	46824.2357822595	46154.10435290899	48243.727881402534
1723	7.0	2.0	46994.70102391966	43307.95865814527	44601.668832182506
1722	7.0	1.75	46847.324949869464	40836.121851644464	41613.624018154616
1721	7.0	1.5	46828.24936079173	41359.22588085037	44274.67242289247
1720	7.0	1.25	46756.57525452616	36040.488928654006	38865.13851196482
1719	7.0	1.0	46535.597128508765	35264.03257930152	37419.402765895684
1718	7.0	0.75	46533.173305938195	31453.605991288525	34312.545538898936
1724	7.0	2.25	46826.9092058586	45979.45153093752	46688.3733787244
1725	7.0	2.5	47403.406284350334	54879.28775274361	55303.55906194759
1716	7.0	0.25	46591.37395342249	31039.31321867404	34132.44145286924
1717	7.0	0.5	46525.03139700294	32067.028307172404	33565.93591293014
1734	7.1	2.25	46936.76381794214	43420.29976569249	45090.90559726387
1735	7.1	2.5	47336.00543240207	52744.93283162568	54655.301638868674
1728	7.1	0.75	46527.15440070838	32416.197804114505	35036.34177784727
1729	7.1	1.0	46601.168322236	35400.50934786206	38372.66908158854
1731	7.1	1.5	46664.724906013646	38358.52870195298	40674.8316626303
1730	7.1	1.25	46532.61840177504	36623.6261216946	36912.65218195959
1726	7.1	0.25	46612.19469907887	31590.63461954837	34157.35028985572
1727	7.1	0.5	46683.041168215655	31398.113594515587	33679.1990259254
1733	7.1	2.0	47021.49065484678	47741.34282393237	48458.84005083773
1732	7.1	1.75	46779.642350109825	43587.66043367111	43464.86327766225
1739	7.2	1.0	46784.00380642637	36015.54108657786	39066.090298131996
1738	7.2	0.75	46728.4206390773	35449.418351107764	37283.61484772397
1737	7.2	0.5	46650.858745283345	32395.43617299417	35409.86473813118
1736	7.2	0.25	46850.117915766896	32143.88812866224	35248.32653897689
1745	7.2	2.5	47504.52213732864	52603.892523903975	52446.67540450196
1744	7.2	2.25	47038.551081741505	49757.14237698762	49896.707470724905
1742	7.2	1.75	47116.0132338554	43376.83504883802	45784.39512454463
1743	7.2	2.0	46912.04537825358	47033.688576820095	49048.3889404408
1740	7.2	1.25	47029.11846428804	43758.61409839287	46027.25118599919
1741	7.2	1.5	47038.586256310155	39082.94115805973	41311.96164413674
1754	7.3	2.25	47112.28169664052	52107.396743863574	51610.82867675232
1755	7.3	2.5	47432.99239060037	51637.379624573005	53773.98498183211
1752	7.3	1.75	47091.399719225614	50089.36533090883	50249.89989355306
1753	7.3	2.0	47162.66292710848	43591.64674246127	44362.12433511224
1750	7.3	1.25	46726.519077831734	40766.43914974621	40747.886899662015
1751	7.3	1.5	47033.15025678822	41023.06089147447	44027.91833597312
1746	7.3	0.25	46575.654802671845	33379.6115115716	36718.028922824364
1747	7.3	0.5	46672.04705437403	36057.81822320654	38356.624764366956
1749	7.3	1.0	46813.439524010595	38634.81825707668	39639.28949005872
1748	7.3	0.75	46720.98926294739	35774.31149417741	39118.64380337758
1765	7.4	2.5	47714.2849060362	53089.958365044	52804.71804321151
1764	7.4	2.25	46987.945863276174	49090.66672316076	49789.93163785601
1759	7.4	1.0	46832.71952017864	38056.241651797354	41444.04635780792
1758	7.4	0.75	46688.11590451297	36388.685202768844	38856.41568147763
1763	7.4	2.0	47126.54092825228	47137.3879547198	49427.59005349359
1762	7.4	1.75	46890.79033304071	42857.50294478881	44306.4689163447
1756	7.4	0.25	46637.16949938808	33923.62039162524	36217.17771844302
1757	7.4	0.5	46940.03885938413	37040.99973903253	39302.753099332396
1760	7.4	1.25	46926.29139131769	42971.590563740036	44837.53576237137
1761	7.4	1.5	46915.42455131095	42985.62006851548	42759.19007378084
1766	7.5	0.25	46951.01956845803	36179.11094769781	38117.32940549966
1767	7.5	0.5	46887.122983590445	36219.14253593603	38521.77442666234
1773	7.5	2.0	47237.54564505831	49973.0290989169	49469.28206674969
1772	7.5	1.75	47003.07011527637	46422.72826128172	48752.325137808286
1771	7.5	1.5	46907.89643793795	42396.98673644134	45318.2567247587
1770	7.5	1.25	46710.775738415665	38478.285938022	41519.252570116485
1768	7.5	0.75	46756.641969938566	37154.31242698826	38615.91757721037
1769	7.5	1.0	47039.30330276638	36879.835889283	40181.46590676363
1775	7.5	2.5	47497.950125286414	51485.71310066237	52992.05066455351
1774	7.5	2.25	47295.56190087928	47284.408891234874	46963.549344512656
1785	7.6	2.5	47590.81927330746	56661.72259051558	57561.77486532188
1784	7.6	2.25	47190.64475804278	45453.24050850396	45950.34628933886
1778	7.6	0.75	46956.92233397589	40088.99622122598	42497.307795376015
1779	7.6	1.0	46853.41945331855	41465.50392071946	43621.58275612175
1776	7.6	0.25	47011.999792288785	37160.897381443436	37927.55883865581
1777	7.6	0.5	46917.11979590811	36851.83517073791	38305.52123536771
1780	7.6	1.25	47140.730963326605	44217.43416128938	46594.60343177652
1781	7.6	1.5	46989.89168027156	43071.1953341852	43835.44479903183
1782	7.6	1.75	47288.01414766752	45273.19815059229	45944.18243868928
1783	7.6	2.0	47327.38173077708	46791.80071954072	47387.3627683008
1789	7.7	1.0	46851.501901835836	42658.867534328565	42393.827696609835
1788	7.7	0.75	47073.520975108295	37949.42107363846	40384.70073386731
1786	7.7	0.25	46773.58340573081	36877.14979491754	37847.70484027878
1787	7.7	0.5	46793.06311562497	37295.41893173616	39875.46710871223
1790	7.7	1.25	46824.28204784478	41200.981938998266	44385.46787505605
1791	7.7	1.5	47235.53705776355	43086.72721855067	45037.67264827139
1795	7.7	2.5	47855.46490526739	54456.14896907096	54595.34743387016
1794	7.7	2.25	47322.568607025765	48377.88477755065	49519.73227172447
1793	7.7	2.0	47042.992772398284	46008.68672405581	47831.10300475909
1792	7.7	1.75	47238.81584303261	45648.115960214105	45691.33757145887
1798	7.8	0.75	47000.33356889572	40557.777807696744	41217.896343384404
1799	7.8	1.0	47046.31285699191	40017.599630329605	43168.69253710923
1800	7.8	1.25	47184.37283927892	43517.85624717545	44846.370969114825
1801	7.8	1.5	47297.36967840998	46438.10657169796	46919.82923736051
1802	7.8	1.75	47193.249222171435	49462.12025810583	49327.00909694047
1803	7.8	2.0	47348.35291836865	48574.87836127948	48439.88964640597
1804	7.8	2.25	47418.37364754668	52982.151349962005	52945.59579350573
1805	7.8	2.5	47601.34898251225	52393.48791981039	53093.24293701909
1797	7.8	0.5	46947.967014042435	38933.79672129024	40438.639655856525
1796	7.8	0.25	46969.41774052776	37085.30218888961	39639.19066073776
1814	7.9	2.25	47357.13978854079	49710.816044865576	52228.51555849253
1815	7.9	2.5	47505.61225822418	56781.33087050291	58341.94730461435
1807	7.9	0.5	47086.58767732328	39179.93651750989	41174.511201554116
1806	7.9	0.25	47102.42293856204	38534.54578105345	40740.68788895873
1813	7.9	2.0	47201.464551294586	51404.06345560377	51756.24576818682
1812	7.9	1.75	47216.8528628094	47371.42366575776	48295.84904512605
1808	7.9	0.75	47029.452047813815	40327.09436800701	41531.98618567118
1809	7.9	1.0	47139.84549636674	45928.59993534752	45974.11309496754
1810	7.9	1.25	47417.38048807891	43854.66254576179	45579.00735703314
1811	7.9	1.5	47333.87830676338	48589.44176955561	48965.684455985145
1820	8.0	1.25	47152.81740369133	47237.82432491714	48811.32850882622
1821	8.0	1.5	47215.24063312608	47372.76752061512	47657.47165153208
1818	8.0	0.75	46843.12378409406	40967.243239823365	44102.90678146102
1819	8.0	1.0	47048.878220242506	45583.76121954747	46037.22358371506
1822	8.0	1.75	47444.99361288969	49202.80150676254	49921.779921087014
1823	8.0	2.0	47333.915906037786	52028.629724797116	52029.978305940116
1825	8.0	2.5	47444.12683566248	58462.40550114541	58784.91935791028
1824	8.0	2.25	47827.51009229922	53182.549230855715	55611.79955446193
1817	8.0	0.5	47032.05585995773	37963.230260946955	40571.31407183839
1816	8.0	0.25	47178.249436455575	39133.62737093661	40654.53736245789
1835	8.1	2.5	47855.27228713625	56426.41129790644	57098.596602065685
1834	8.1	2.25	47716.04475051218	56399.292329615055	58653.14854131374
1827	8.1	0.5	47015.41730383548	40186.54896471308	41717.18779127147
1826	8.1	0.25	47014.82437473518	39752.21881051165	41838.54740419583
1832	8.1	1.75	47490.90720634844	52299.5158148906	53377.43625127528
1833	8.1	2.0	47374.78191279614	50579.03198351933	53111.233987151245
1831	8.1	1.5	47615.47077768441	48453.468182023076	51408.022863216334
1830	8.1	1.25	47144.658099077555	46812.398123433326	47170.46323214507
1828	8.1	0.75	47052.15235678662	42507.12539626815	42553.76188034712
1829	8.1	1.0	47357.872356388565	45330.92350426425	48600.40830993448
1837	8.2	0.5	47067.041124036994	41284.325059604154	42497.43558896533
1836	8.2	0.25	46966.610634948745	40914.32711861806	41481.67916775124
1843	8.2	2.0	47443.53123595541	52449.53457614933	54037.92929503777
1842	8.2	1.75	47237.03619636647	56537.13401393108	59005.56492717668
1838	8.2	0.75	47104.08192866142	42313.65902296532	45438.5059112692
1839	8.2	1.0	47158.46916165736	44257.94475790189	45273.35849491651
1844	8.2	2.25	47545.25297870165	55255.07495491399	55116.187850691305
1845	8.2	2.5	48212.86880860415	59888.38635902557	59786.752104526335
1841	8.2	1.5	47281.92947896161	48451.47923390921	49583.79161746644
1840	8.2	1.25	47226.05982137357	45322.946673938415	46915.58291972065
1848	8.3	0.75	47163.0972267138	43220.56640297606	46363.86105905783
1849	8.3	1.0	47391.249324757315	46539.30808969793	48036.05948450043
1852	8.3	1.75	47660.996107328145	55082.83556797027	54930.44582193369
1853	8.3	2.0	47673.35578158127	53384.57928959634	54704.75669524924
1850	8.3	1.25	47241.56602026444	51055.36433138097	51252.236884675876
1851	8.3	1.5	47324.969661867166	49821.23138130734	52422.988727215816
1855	8.3	2.5	47893.93756162275	65683.2002524125	65188.85867358633
1854	8.3	2.25	47713.0480364737	53186.724750605375	54161.64814464772
1847	8.3	0.5	47171.10160503383	44741.45510627957	45153.82269866831
1846	8.3	0.25	46898.01229168757	42327.48562809397	43146.234767328235
1864	8.4	2.25	47496.92877474205	60805.86989014354	61840.34279505367
1865	8.4	2.5	47791.83829777735	59739.98554582231	59384.64318166245
1862	8.4	1.75	47257.6606258498	53592.857061391	54564.6903703747
1863	8.4	2.0	47446.141142804365	62453.83414030351	64441.152089605195
1860	8.4	1.25	47585.00469950473	46232.652696303434	48956.39233897247
1861	8.4	1.5	47314.34945170627	49630.85583019653	51492.63427426542
1859	8.4	1.0	47297.194774714175	46474.70030991017	49317.33299691555
1858	8.4	0.75	47193.38387394117	44680.575205251254	45762.81423406955
1857	8.4	0.5	47279.06416516592	44768.72671461515	45123.65960173669
1856	8.4	0.25	47251.108384721585	43909.79333533255	44464.582201628065
1866	8.5	0.25	47167.76643131615	43592.939297386474	45050.90288174658
1867	8.5	0.5	47204.90008453352	47425.40683236161	47010.59131378129
1871	8.5	1.5	47373.79287271215	49182.243635726976	52403.3268883681
1870	8.5	1.25	47049.62305794799	50297.43046959543	50554.812830941206
1868	8.5	0.75	47172.12602876249	46048.54206331251	45774.8476171916
1869	8.5	1.0	47261.813694984194	46026.0110543159	48423.60383530673
1872	8.5	1.75	47844.98010740508	53504.75363297544	53508.52822579123
1873	8.5	2.0	47182.315788952044	53695.52172178328	54355.5494798081
1875	8.5	2.5	47564.818160297546	64687.94100030739	66061.03739120846
1874	8.5	2.25	47985.85015970265	59269.84817568196	59529.97680330202
1879	8.6	1.0	47458.95969989903	49638.00878000458	49964.26746512707
1878	8.6	0.75	47243.121489782425	45362.017672028436	47290.1205207154
1884	8.6	2.25	47965.11934588167	60568.95638057017	60467.011244050715
1885	8.6	2.5	47962.76335861688	57156.28735817169	58629.20830401272
1877	8.6	0.5	47202.17584980226	46501.16806936407	46720.895452787125
1876	8.6	0.25	47212.033718657374	44018.49870139581	46021.16303550865
1880	8.6	1.25	47294.93311520988	49514.90508060026	52396.96721238035
1881	8.6	1.5	47548.247748521804	53237.66145288416	53430.41689396343
1883	8.6	2.0	47605.19171584694	59671.75231959544	59694.01773181863
1882	8.6	1.75	47469.20594254544	54254.32608914962	56776.43681611235
1893	8.7	2.0	47651.2290828027	54499.822946289496	54104.37594348457
1892	8.7	1.75	47747.111832889364	58954.457569531245	59081.94766750143
1894	8.7	2.25	47428.68720113909	61297.46478302167	61568.46456158646
1895	8.7	2.5	48334.477393086505	63282.64258597817	62816.728897844194
1887	8.7	0.5	47281.4736070879	46967.65839803495	47734.428021738844
1886	8.7	0.25	47321.078840459086	45501.85173671257	47085.20438797623
1890	8.7	1.25	47538.0880224905	52076.41518421435	54414.31006381834
1891	8.7	1.5	47300.88033976175	51293.532844366906	53108.91416737922
1889	8.7	1.0	47373.77700248004	48084.29177951823	51006.173870376115
1888	8.7	0.75	47185.00853525204	48870.08553162607	49362.03883780705
1900	8.8	1.25	47492.71206538504	53783.095301980946	55892.924629946385
1901	8.8	1.5	47315.82678851878	57795.4467403897	58016.509381465046
1902	8.8	1.75	47916.52457601334	65727.29117489367	66565.96353264032
1903	8.8	2.0	47701.04858523683	57970.93360941857	58871.33485936337
1904	8.8	2.25	48106.5000707948	59528.77194924921	60304.444301865784
1905	8.8	2.5	48006.22205185806	66111.27882977427	67362.99050041422
1898	8.8	0.75	47211.12519632743	46160.46790164284	49232.31454789636
1899	8.8	1.0	47495.15154602237	49119.468664843065	50488.01031987799
1896	8.8	0.25	47469.52206821221	45969.33016285969	46230.6044899803
1897	8.8	0.5	47299.58163756414	49805.682409387446	49543.178944178944
1911	8.9	1.5	47394.07120193634	52846.4943828625	53665.175131237986
1910	8.9	1.25	47420.67787804534	55601.72529047477	55790.43240052219
1915	8.9	2.5	47660.81972932032	64342.49174218512	65485.96104269306
1914	8.9	2.25	47854.434823816955	61972.342948002115	61316.13252157751
1909	8.9	1.0	47459.03033229436	49228.152234170746	49549.26741917947
1908	8.9	0.75	47182.45196703566	49119.39987647678	49146.07737385153
1913	8.9	2.0	47699.98725640872	61421.251063902324	62272.46004276161
1912	8.9	1.75	47864.33397273614	56260.31525814972	57692.59182308856
1907	8.9	0.5	47367.988163383954	49672.62031237998	50317.06151645461
1906	8.9	0.25	47229.167696533856	47664.72688732818	48555.04651014427
1920	9.0	1.25	47602.36537669171	55682.72845728822	56679.092407278695
1921	9.0	1.5	47705.10026579224	53100.76275723314	54701.384465896655
1924	9.0	2.25	48093.32183491289	61922.90277151348	62800.29612099609
1925	9.0	2.5	48187.14152385004	63673.7475895977	63326.564432761304
1919	9.0	1.0	47481.21016896511	52388.05897985741	51896.2057880293
1918	9.0	0.75	47392.29149996299	48513.9618285704	50370.61606421067
1923	9.0	2.0	47970.38330522286	60397.57689830596	61268.713234626455
1922	9.0	1.75	48105.28036065102	58853.151192375786	58854.61279273868
1917	9.0	0.5	47383.86444266027	49654.074907211805	49987.29791414493
1916	9.0	0.25	47386.63364096368	49203.164378918795	49457.34410416009
1933	9.1	2.0	48020.79813969445	60579.285884542966	61656.54551906546
1932	9.1	1.75	48109.32236056658	56370.88002506816	58422.51449956015
1931	9.1	1.5	47714.19614634506	56072.34084779479	57467.3581043951
1930	9.1	1.25	47907.45387969292	54957.268178599705	57606.10057558103
1934	9.1	2.25	48303.3268607195	62802.147882620484	62400.17432686394
1935	9.1	2.5	48236.38076637737	64033.1406870031	64050.91918167541
1927	9.1	0.5	47493.297017617144	49658.45736771171	49468.62098227113
1926	9.1	0.25	47578.23711556141	49408.38435203306	50562.04110001845
1929	9.1	1.0	47524.33767688414	54417.22455277257	55167.77147241387
1928	9.1	0.75	47460.66244167116	55843.27463349677	55358.13280692761
1943	9.2	2.0	48236.73574913675	58073.42212541884	58886.2082079327
1942	9.2	1.75	48070.28351352738	60514.071963652226	61858.830703970656
1939	9.2	1.0	47673.82003576957	51174.32508480007	53281.090698680084
1938	9.2	0.75	47533.04011870331	52721.81677138857	52438.71577488411
1936	9.2	0.25	47552.219241778934	50419.39022333265	50551.809390164766
1937	9.2	0.5	47457.15799805863	53216.956332413916	53303.1451183659
1941	9.2	1.5	47715.07390184941	56255.62288430443	57111.22694255061
1940	9.2	1.25	47648.672949081854	52080.004338323095	52796.01934170734
1945	9.2	2.5	48816.60057308548	61592.64101962574	62462.25097952378
1944	9.2	2.25	48154.273580157394	60574.726900232585	61356.127284109534
1950	9.3	1.25	47806.112782955155	55437.62764600974	56632.603774715535
1951	9.3	1.5	47905.01128890522	58340.80894228798	58518.621847923576
1947	9.3	0.5	47608.919703999934	51314.37614578978	51501.5125412247
1946	9.3	0.25	47555.27367894383	51118.897475905476	52331.144355111996
1949	9.3	1.0	47690.389276592265	54849.33847246646	55469.61935006533
1948	9.3	0.75	47592.06066486237	54044.241419302794	54748.05017122127
1955	9.3	2.5	48274.04711091271	62942.40675972818	64933.270558635784
1954	9.3	2.25	48194.16855304356	62314.437931385626	61967.85561896645
1953	9.3	2.0	48154.85839995223	61078.2793455053	62645.786620892344
1952	9.3	1.75	47882.13705160635	62650.08162271703	63991.651101304116
1959	9.4	1.0	47842.66391893622	56434.296873435866	57025.342343477445
1958	9.4	0.75	47633.76191999575	53244.801883107815	53306.48872581356
1962	9.4	1.75	47991.89224600639	63173.24819563052	63364.46937201595
1963	9.4	2.0	48214.52958917016	63855.03505325943	64120.191189199926
1964	9.4	2.25	48654.13809198369	63753.79353399896	63292.899360003525
1965	9.4	2.5	48743.32171241082	64489.37071777169	65936.68103496089
1957	9.4	0.5	47656.43497730724	51554.20330185622	52592.359607710394
1956	9.4	0.25	47651.52005835574	51802.320448154554	52644.441394695394
1961	9.4	1.5	47876.929033751294	59249.15217363686	58771.69924187551
1960	9.4	1.25	47890.49435867529	56221.575410247955	57047.97233561439
1967	9.5	0.5	47789.5858288269	53460.201895384555	53789.11950718175
1966	9.5	0.25	47655.60997274069	52436.99798565939	53205.16663590342
1974	9.5	2.25	49040.85024974797	67319.97376548423	68380.84380244194
1975	9.5	2.5	48959.845807843	63542.53659646464	65147.609463995854
1968	9.5	0.75	47763.050335569606	53927.74452003824	55026.60937050117
1969	9.5	1.0	47944.09817461603	56574.39105367633	56175.87218332614
1970	9.5	1.25	47789.006130052614	58657.89479496125	59557.089216152075
1971	9.5	1.5	47944.72273535469	58987.62056429776	60807.55643485204
1972	9.5	1.75	48393.60674407738	63543.47250625845	63815.75244170508
1973	9.5	2.0	48084.54271881289	58817.22819216902	60121.50938902317
1984	9.6	2.25	48379.17898393904	64752.49214441525	64743.27868711076
1985	9.6	2.5	48596.03202310265	61996.754898991654	61765.93623075799
1978	9.6	0.75	47840.87608184496	55633.82464447546	56158.841189315746
1979	9.6	1.0	48200.46798811951	56844.11057526299	58070.356731872125
1976	9.6	0.25	47863.86153515423	53161.36933440961	53640.08870621012
1977	9.6	0.5	47807.24541062576	56865.154477787095	57185.838755688026
1983	9.6	2.0	48503.3595781343	62370.18290015466	63405.30661397161
1982	9.6	1.75	48142.80464743249	60585.88175298426	61006.76017161813
1980	9.6	1.25	47890.51728790074	54774.32484071611	55909.25870752115
1981	9.6	1.5	48126.83867081784	56178.45130827988	57283.19032101904
1986	9.7	0.25	47918.9887346346	54518.957667455674	54681.71893382793
1987	9.7	0.5	48015.08540820037	55598.69723639221	55405.088421077584
1989	9.7	1.0	48203.31556042087	55097.304851981586	56183.6248419994
1988	9.7	0.75	47877.71046411142	57116.72353688776	57652.851029272715
1994	9.7	2.25	48472.59123444759	63810.626836965384	65530.84987572051
1995	9.7	2.5	48997.09391731676	65856.6069077264	67061.04912009624
1992	9.7	1.75	48536.08709538813	64114.2140753798	65912.10826482525
1993	9.7	2.0	48456.07954440105	63513.37180222721	63665.05626393066
1991	9.7	1.5	48385.24616322435	60174.03138304442	60414.5802734206
1990	9.7	1.25	48184.278122641925	56800.07703765029	57257.88712014969
1997	9.8	0.5	47950.12009352348	54874.325734066086	55522.94772671941
1996	9.8	0.25	47871.188969868854	55001.06157975849	55620.90845114658
1999	9.8	1.0	48142.77265603205	55828.46119775324	55564.75609555595
2000	9.8	1.25	48176.14911967654	58434.840910074505	58132.27278274809
2001	9.8	1.5	48242.875535399544	58804.366999249316	60271.545740988724
2002	9.8	1.75	48479.39223385721	62274.36672527154	62694.88179365961
2003	9.8	2.0	48559.97618957373	61248.75893411281	62694.56296818812
2004	9.8	2.25	49068.080866110366	64865.776956041176	66006.01190392596
2005	9.8	2.5	49088.36220680451	64271.25668514343	65430.43699695473
1998	9.8	0.75	48108.46046920868	54900.682082612584	54746.83604555086
2006	9.9	0.25	48067.90622919396	54867.49448757501	54700.76934586899
2010	9.9	1.25	48409.48704884889	61160.375876861974	62964.37929631541
2011	9.9	1.5	48395.81968217576	59735.557233719745	59803.91584437349
2012	9.9	1.75	48420.475271390234	62153.33350791614	62377.89232995026
2013	9.9	2.0	48507.32167854745	66494.89335626714	66322.12854850879
2014	9.9	2.25	48625.586259488286	63667.39164527774	64848.40322881875
2008	9.9	0.75	48161.979371243295	52708.04250654416	55058.368915914936
2009	9.9	1.0	48198.71475037965	55465.827518821956	56236.838559730204
2007	9.9	0.5	48101.213263046324	55493.89251742003	55691.592722620975
2015	9.9	2.5	48986.871945174185	72996.67051427621	74342.53804547468
4	10.0	1.25	48350.93112909185	57602.699754447945	58484.02355909809
3	10.0	1.0	48241.17155966252	56734.24033774571	56988.9700659417
6	10.0	1.75	48795.69827054502	67559.86653194056	67508.95769276733
7	10.0	2.0	48940.132826965346	62274.92846581867	61986.27243226221
0	10.0	0.25	48171.43741015898	55438.802296867	55192.32771593442
5	10.0	1.5	48646.39229722948	61686.52896979633	63511.33270695653
2	10.0	0.75	48271.67749863462	58223.26810654441	58989.419355954175
9	10.0	2.5	49087.19510843108	70129.53854461294	71846.8884549354
8	10.0	2.25	48754.532483091454	64071.56468923931	64460.07248334085
1	10.0	0.5	48104.48874735581	54854.822987399435	56430.142416055634
14	10.1	1.25	48507.539723572845	60942.36910711374	61234.43449050598
15	10.1	1.5	48562.07199970074	60545.44109161613	62732.63030439219
16	10.1	1.75	48861.319052694256	62615.42929456759	63841.54147699295
11	10.1	0.5	48331.124346745164	56521.96441788072	57681.09019578737
13	10.1	1.0	48401.22957777631	59922.29362299978	60356.125104162624
17	10.1	2.0	49082.291793070275	61699.85064483887	61741.84473110601
10	10.1	0.25	48289.66112674901	56190.47302429968	56108.160196893274
19	10.1	2.5	49986.51034559156	70064.36044278233	70085.11379535125
12	10.1	0.75	48292.04837567614	56852.50290718148	57918.52536099257
18	10.1	2.25	49022.51152283667	63567.15267727595	64160.47278782074
20	10.2	0.25	48314.073494526296	52950.78484964362	54474.4076737335
21	10.2	0.5	48273.303652293966	54464.36208401371	54914.6227656757
22	10.2	0.75	48424.78400618397	54071.036150078246	55104.621134896006
23	10.2	1.0	48663.69725744218	55273.2888810703	57210.25151472173
29	10.2	2.5	49470.128442125344	68467.98597503336	68486.81084370236
28	10.2	2.25	48914.25251842267	63760.549954274626	65679.54180279661
27	10.2	2.0	48941.47739463152	61757.35137595152	61292.309105424385
26	10.2	1.75	49368.23753782117	63113.455674139266	64807.97668789899
25	10.2	1.5	48737.15017571882	60652.4737737041	60874.687873962204
24	10.2	1.25	48489.32410889876	58510.85596346779	59230.87649934065
37	10.3	2.0	49210.97599909028	64405.9534703722	64215.406382591624
36	10.3	1.75	48945.48744695563	63808.718655099	63474.201443944134
39	10.3	2.5	49881.11859384705	70330.00831685548	71228.77542515197
38	10.3	2.25	49278.79084134563	68886.81523817094	68480.8588793475
32	10.3	0.75	48449.55568027031	57146.406156461366	57370.192518829994
33	10.3	1.0	48678.311383606386	58997.14475501409	58608.4503394285
35	10.3	1.5	48841.48775856389	58808.00729915872	60076.295746295546
34	10.3	1.25	48865.95737164921	62265.91954019289	61776.84097945611
30	10.3	0.25	48540.00010481649	54073.901632188376	54912.12608768238
31	10.3	0.5	48476.915359798826	53593.26288156234	54990.477760890164
49	10.4	2.5	50670.48272550973	70673.5590719702	70042.7103400487
48	10.4	2.25	49436.25999725772	62506.70536290557	63345.420047824955
40	10.4	0.25	48476.83563507135	52806.49509179119	54573.85367136785
41	10.4	0.5	48573.3394876066	53047.30522200102	54247.30866102818
42	10.4	0.75	48729.9939128706	60167.929592503824	60803.72338708565
43	10.4	1.0	48660.057709687666	59087.98754322077	59914.15838430991
47	10.4	2.0	49601.24927204019	65174.13233935647	64967.33210704022
46	10.4	1.75	49528.23516105349	61897.62257789438	61621.52422490182
45	10.4	1.5	48987.10870103083	60010.322264128416	61007.89193794837
44	10.4	1.25	48717.465706637944	57635.58009638302	59368.818278343235
56	10.5	1.75	49402.170723471085	60857.113257077894	61636.791816352525
57	10.5	2.0	49957.224398473816	72655.31567186062	73208.54394104757
58	10.5	2.25	50604.03213717382	68516.17537581068	68315.9257746695
59	10.5	2.5	50309.56033807737	73536.1525123828	74787.808930724
50	10.5	0.25	48633.47978368197	52068.535761921696	53449.68641107754
51	10.5	0.5	48768.37330478198	55983.53628823357	57373.657627091736
52	10.5	0.75	48670.16361508118	55582.75309380587	56187.54184914611
53	10.5	1.0	48762.00144798991	56499.172185152376	56811.99062846187
54	10.5	1.25	49140.28509726658	59138.771273929946	59948.93170841752
55	10.5	1.5	49178.72250937534	60913.21339203737	60924.35103460485
60	10.6	0.25	48876.14074660554	51876.474691183175	53672.39759539795
61	10.6	0.5	48797.26220663043	53287.037289114865	54846.903078964686
63	10.6	1.0	48768.19405085979	58413.773778381226	58131.37552641628
62	10.6	0.75	48669.91197190957	55682.124715973325	57028.54678888023
65	10.6	1.5	49984.35306935977	61900.94733088744	63040.38343547472
64	10.6	1.25	49139.93527956737	59049.96544696621	60828.484837750155
69	10.6	2.5	50549.65179060731	74508.64789902797	74842.03576458957
68	10.6	2.25	50479.3443517308	64848.72616726272	64660.74473648832
67	10.6	2.0	49911.60847100619	70548.91277095747	70147.25721691767
66	10.6	1.75	49644.858817588225	63469.52464442243	63995.80107051885
74	10.7	1.25	49336.66241673402	59133.35669416519	59021.14521866812
75	10.7	1.5	49707.82059916811	63607.000169772975	64515.24152053922
76	10.7	1.75	49779.058840982354	63734.23467391775	63887.00804501223
77	10.7	2.0	50964.480892201624	69252.20658425652	70420.84352777436
78	10.7	2.25	51000.31207975451	68692.37726425103	70489.02005083571
79	10.7	2.5	50875.93692239366	66377.68583520975	65767.7634186002
70	10.7	0.25	48683.48199234676	53586.47657786958	54935.51792506395
71	10.7	0.5	48779.725008999216	53877.84778713941	55248.70314142849
73	10.7	1.0	49115.093200242125	60212.80105813139	59920.10541261716
72	10.7	0.75	49263.41670176986	56084.665311328004	58426.0984146655
84	10.8	1.25	49740.11315655407	59637.87043701063	60521.52178322714
85	10.8	1.5	50027.28391193495	61004.79724662609	61340.15284373871
86	10.8	1.75	50069.605329476275	66824.35471536934	68190.4768297498
87	10.8	2.0	50983.537272427726	71106.59525573175	72429.49932433115
88	10.8	2.25	50163.62611116911	67120.24801942203	66616.88685339803
89	10.8	2.5	50441.19184230728	71844.13689071333	71940.62449970421
81	10.8	0.5	49085.92408685105	55345.15268804907	56350.20213034783
80	10.8	0.25	48876.913445954364	52560.70232455902	53739.655888201494
83	10.8	1.0	49586.2363353647	62771.533980744905	63606.78410352267
82	10.8	0.75	49223.43097149573	56512.17611777434	57929.66072735564
94	10.9	1.25	49975.69783837597	59475.14842318208	60354.55052869888
95	10.9	1.5	50128.74946167228	65195.19397712597	65056.76344329419
92	10.9	0.75	49805.81215766421	56714.42518517853	58027.24235742025
93	10.9	1.0	49974.917084518645	58877.98371531704	59891.187312061076
90	10.9	0.25	49482.449111590315	55049.38781535013	55533.946293709225
91	10.9	0.5	49505.557599896594	56113.29565996298	57574.22368132504
98	10.9	2.25	50931.51224307747	70160.93228966264	69432.40534280326
99	10.9	2.5	51640.98570391941	82139.56402055689	81585.00880660473
97	10.9	2.0	50855.70439553347	66869.42347500609	66556.03644418273
96	10.9	1.75	50550.65633313777	68007.37624834872	69208.90027120919
108	11.0	2.25	50642.439509285905	69406.80922068293	69404.48567854417
109	11.0	2.5	51499.166659184135	80633.4932879517	68718.84066706437
101	11.0	0.5	49747.44933513277	54659.42621215373	56016.95858670966
100	11.0	0.25	49710.5109115652	54414.89762390507	55619.986310002474
106	11.0	1.75	50509.443608404734	63081.33960023369	63478.63623252499
107	11.0	2.0	51399.90424443262	68912.658813387	68695.61072146337
102	11.0	0.75	50126.1509952992	56844.47790254548	58573.91264491552
103	11.0	1.0	49991.3763123435	59574.81156616827	61225.48929359491
105	11.0	1.5	50851.3380043075	65238.87807137484	66509.09522644848
104	11.0	1.25	50200.54533933701	59677.90446079098	60994.22203752485
111	11.1	0.5	49858.305442834986	54732.55489195117	55907.021306143935
110	11.1	0.25	49698.01559897434	52818.86252580662	52511.652636805185
114	11.1	1.25	50468.1181400776	61430.95942672556	61266.31536810069
115	11.1	1.5	50315.71221135615	61217.612350004	61532.217671258884
117	11.1	2.0	50878.00616421539	64747.4379772531	65779.71152815477
116	11.1	1.75	50212.72901565585	62808.79988965055	62961.26623281043
119	11.1	2.5	52591.75305227507	77074.56030076882	76076.9347632158
118	11.1	2.25	51767.83286214848	70787.26577265053	70292.80216619025
113	11.1	1.0	50073.221109547645	59499.68850983761	60921.836733698714
112	11.1	0.75	50008.717804556196	56335.281611283506	57220.282814081474
125	11.2	1.5	50184.73876940073	61725.179293756824	61254.276515819955
124	11.2	1.25	50299.30725310881	59569.05419248515	60143.83200377514
128	11.2	2.25	50804.713704886686	70354.9148944511	69742.40328068672
129	11.2	2.5	51747.55970669749	78244.89175314996	71633.18648451171
127	11.2	2.0	50820.59406488043	66977.71295907069	66528.75857100882
126	11.2	1.75	50664.577437573345	64374.970293816696	65119.53503774902
123	11.2	1.0	49873.4131088532	56498.473071818975	57756.685780005515
122	11.2	0.75	50041.69387613497	54800.063938158404	55789.99434070629
121	11.2	0.5	49634.65777186574	54278.15061232851	54241.67971693929
120	11.2	0.25	49722.27582036073	52324.13007913607	51876.602569594856
138	11.3	2.25	51842.008572841456	70121.84347495768	69082.87525540135
139	11.3	2.5	51818.69999247882	78531.80305251977	77734.24992348181
137	11.3	2.0	51098.74666190191	74595.05403209408	71814.98997200029
136	11.3	1.75	51004.889271143555	68920.81624659405	67366.70330294227
134	11.3	1.25	50305.03788463947	59201.56649833521	60873.586114111735
135	11.3	1.5	50509.62107163668	62792.35805146971	62456.765017911945
132	11.3	0.75	49942.237308632175	57589.537347924095	57111.45203169411
133	11.3	1.0	50261.15669288409	58612.111857256976	60053.093040850115
131	11.3	0.5	49657.26135398049	54929.75162582339	54664.225256970516
130	11.3	0.25	49410.49518487276	51531.019291322744	51441.88658574209
146	11.4	1.75	50795.49693024447	74391.16810033582	75469.65873756085
147	11.4	2.0	50882.08971483864	66337.10082067669	66301.38888308746
142	11.4	0.75	49907.71336786357	56251.015941576065	57221.347016179396
143	11.4	1.0	50179.82690782676	59251.866980452614	58853.99984231372
148	11.4	2.25	51701.1835943623	66061.343793701	66733.5741337189
149	11.4	2.5	51694.52396761886	74206.96543840446	73975.90758120808
144	11.4	1.25	50074.46335948769	61049.23392937105	61456.64335655271
145	11.4	1.5	50449.52455771414	61720.552427921124	62164.48522731903
140	11.4	0.25	49511.95122975626	52430.186240550596	51846.2541798721
141	11.4	0.5	49646.966516358436	52935.55535323045	52643.29735196154
154	11.5	1.25	50296.85407832702	63023.94566362547	61624.504976109594
155	11.5	1.5	50317.786498374815	63178.13953571476	63452.04141286177
156	11.5	1.75	50881.84176030414	69426.39560279735	69071.77666271293
157	11.5	2.0	51021.88271240193	73408.40451194573	71889.14539975562
158	11.5	2.25	51258.08671689233	70332.55473820407	70467.59795402388
159	11.5	2.5	51345.37560977367	70000.04292685726	70754.09088717353
150	11.5	0.25	49492.37230524762	52497.857461332766	52613.834023122006
151	11.5	0.5	49655.223408455946	52327.269424715036	52640.128614062705
153	11.5	1.0	50026.949904331625	61979.2481783185	62071.56887789716
152	11.5	0.75	49803.677648592406	58436.603614169486	57824.4292103816
164	11.6	1.25	50359.53772846281	61728.90608174871	61975.13226458829
165	11.6	1.5	50683.02953795439	60127.54681611815	60812.70397972992
166	11.6	1.75	51002.84018090063	68616.49532485177	69912.2175167401
167	11.6	2.0	51286.651797875114	65711.72156405225	65671.98458543925
168	11.6	2.25	51398.328996705364	68737.22417872524	68685.9295099737
169	11.6	2.5	51662.0981626407	71165.98132089905	71261.38391390043
161	11.6	0.5	49634.69672060869	54172.75251007017	54206.96004337615
160	11.6	0.25	49528.27185367437	53014.339127820866	52674.37884797693
163	11.6	1.0	50192.30621802242	59014.435652402375	56401.35248073414
162	11.6	0.75	50032.377859329616	53653.33585588536	53791.91831946871
174	11.7	1.25	50090.40527426797	57543.68727024485	58915.663277878586
175	11.7	1.5	50458.037587722836	61021.71844769776	61076.4930906863
172	11.7	0.75	49625.67662694177	54798.941383646925	54705.03649267909
173	11.7	1.0	49791.5895388083	55410.75239004376	54752.293722974806
170	11.7	0.25	49484.891570755375	52287.32973319266	52736.3862167175
171	11.7	0.5	49505.128560093974	52166.7672460317	52358.14033757296
178	11.7	2.25	50875.76142492191	73504.54773615072	69117.1343266689
179	11.7	2.5	51755.55937482161	73190.15226841012	71706.74454235734
177	11.7	2.0	51472.42646520858	66350.02097542332	65740.44240244078
176	11.7	1.75	50990.15163483006	64716.54703760143	64369.42581173999
188	11.8	2.25	51505.31589314066	79636.12439392353	78769.10558357337
189	11.8	2.5	51742.10686511516	75901.56163473029	73215.0682188859
184	11.8	1.25	50371.500538351465	59036.10727919933	59341.46715457283
185	11.8	1.5	50210.76487382181	58223.0098414574	59510.37577672649
183	11.8	1.0	49764.4313168652	55253.29449718319	54560.18013930165
182	11.8	0.75	49513.158767521374	56397.117871312454	57273.15274773404
187	11.8	2.0	50982.508300946756	66144.08053131976	66086.38571236105
186	11.8	1.75	51216.87252405086	69427.59630992594	68572.70054953134
180	11.8	0.25	49479.34096270707	53248.33316751331	53395.41449935393
181	11.8	0.5	49534.312213867604	54164.066228812626	54643.504855946165
198	11.9	2.25	50605.779495428236	85043.5833082464	72096.61072012933
199	11.9	2.5	52105.85668556937	72919.82090897918	72306.6519218966
196	11.9	1.75	50294.64386034294	62024.27835453299	62304.21638016667
197	11.9	2.0	50488.68272070292	65082.76171374051	63293.79609245558
195	11.9	1.5	50259.38664812556	56642.44356839097	57322.19305945774
194	11.9	1.25	49959.32520470552	62041.520931406354	60027.835330391965
190	11.9	0.25	49356.27779299995	55502.39416422776	55529.6932557397
191	11.9	0.5	49498.53001166394	53634.82745981525	54260.219272103444
193	11.9	1.0	49918.70617379613	57179.144711236106	56880.60623627912
192	11.9	0.75	49622.549646862346	54194.89363043021	52863.0956294797
208	12.0	2.25	51115.73542865654	65542.61996651794	65435.42180636901
209	12.0	2.5	50909.88513145671	68374.71372625859	69087.9772813856
203	12.0	1.0	49814.21896330409	55205.43317184104	55861.05438393916
202	12.0	0.75	49593.24062308302	55569.45825426591	56816.17072455954
207	12.0	2.0	50540.980381635025	68783.40763156106	67661.56005786422
206	12.0	1.75	50522.23352946762	62017.51543728692	61601.235708891974
205	12.0	1.5	49982.18116212442	57336.785743103035	56457.13126338429
204	12.0	1.25	49678.74533541741	54472.556848773755	54780.47335249781
201	12.0	0.5	49564.23773959302	53209.99992516904	52868.10752240371
200	12.0	0.25	49393.916894381975	54269.902175396855	54482.56821731607
212	12.1	0.75	49467.24059343251	55825.60396701256	54519.021549876394
213	12.1	1.0	49782.55020108677	56721.45565720273	57180.46734329748
214	12.1	1.25	49885.88620545107	56736.0475071034	57316.95867914004
215	12.1	1.5	50119.12108038295	67179.45536416034	63012.92354204075
218	12.1	2.25	50693.09718273454	67633.11895197783	66592.14634061298
219	12.1	2.5	50184.769402921236	70065.67273354088	68854.1792015067
216	12.1	1.75	50127.75154074283	62444.397997982334	63585.400721014645
217	12.1	2.0	51289.52355823879	67916.97865225966	67907.025130919
210	12.1	0.25	49356.49919449031	53826.47061877957	54283.59318252264
211	12.1	0.5	49425.42410899448	54603.725322509716	54596.504025208626
228	12.2	2.25	52042.194016398826	80740.57953449844	76611.25872625252
229	12.2	2.5	51286.09982493895	69609.87152926497	68126.90930929629
224	12.2	1.25	50201.177335865665	55382.00337908733	55703.48935977004
225	12.2	1.5	49777.36989691871	59499.26070927612	59375.38060396203
226	12.2	1.75	50131.906886426616	62665.6760581322	61907.07317293252
227	12.2	2.0	50535.48405930021	68918.69096612436	66146.33125636258
223	12.2	1.0	49751.14617679427	52492.12659602528	54401.09649446594
222	12.2	0.75	49521.14997764849	58321.447654127034	57834.56507750615
221	12.2	0.5	49404.41355487617	55944.385778681426	55221.57942891974
220	12.2	0.25	49282.83760740464	55865.400085906265	54950.58455423879
230	12.3	0.25	49230.63329433606	56861.59216767326	56256.84441296512
231	12.3	0.5	49360.559577722306	55819.229756932684	56498.891626541204
232	12.3	0.75	49540.67679721711	54247.386461137095	53929.49200472169
233	12.3	1.0	49720.539460080894	63538.854487963654	63842.81562839268
234	12.3	1.25	49916.19664305322	60484.46198707354	60893.983024987465
235	12.3	1.5	50208.655326512715	65567.20674205493	65533.42859534938
236	12.3	1.75	50704.64527771278	58503.66503933643	57873.43355249401
237	12.3	2.0	50716.48092778844	63503.35938217526	63405.23193742998
238	12.3	2.25	51628.81792541128	77144.62992274614	74795.9118361821
239	12.3	2.5	51031.98785347007	62016.3035845832	61618.42782693514
240	12.4	0.25	49357.45916417101	56202.14127178665	55669.06824926239
241	12.4	0.5	49408.87240765548	58660.561427809145	57340.882025418425
242	12.4	0.75	49552.219020233475	57725.41820813205	57187.75679582733
243	12.4	1.0	49552.95370436719	51978.9560642192	52794.892054301956
244	12.4	1.25	49604.04402017215	63502.359421637004	62530.22064320563
245	12.4	1.5	49970.30201586019	63857.59536590337	63651.36881767689
246	12.4	1.75	50632.75934617764	54989.69953768826	54699.01716678421
247	12.4	2.0	50867.51365864614	70205.84621654838	68595.39722573043
248	12.4	2.25	51140.658922414594	77548.20340941353	68228.77652634194
249	12.4	2.5	52688.2382196602	84891.693755432	76842.19215184677
250	12.5	0.25	49296.214578046856	56971.2493316124	56694.97324251068
251	12.5	0.5	49285.23839636313	57963.75584065218	57111.65176323541
252	12.5	0.75	49472.317357668704	54873.87184108176	55688.22521185667
253	12.5	1.0	49820.39051486618	60832.49651331139	59782.36799290479
254	12.5	1.25	49741.63457830405	59708.81243581135	57890.28884224283
255	12.5	1.5	49947.20618659138	62846.61496215759	58113.86014482852
256	12.5	1.75	49731.31476135208	76131.54760258272	72337.60629544537
257	12.5	2.0	51165.87986143226	74728.99315236058	67946.43734994433
258	12.5	2.25	51093.63240904382	69163.59529634933	67017.37989947101
259	12.5	2.5	51154.742535759586	67832.61767119616	66432.70704949475
260	12.6	0.25	49240.53367061795	55371.389577672315	55645.5421015271
261	12.6	0.5	49276.777531367465	57099.446709264266	56964.005780142186
262	12.6	0.75	49191.08765990733	57346.12770301318	56716.625015445185
263	12.6	1.0	49547.27605791242	59280.06966707121	59327.83558705519
264	12.6	1.25	49708.06895222405	64935.35781419312	62595.16997426043
265	12.6	1.5	49548.272424186136	52426.60947422458	54178.70831707713
266	12.6	1.75	50254.54398295332	62995.82110116812	61392.92528566416
267	12.6	2.0	51253.74040415663	79205.98440548395	65734.82940212793
268	12.6	2.25	50581.11473510195	66718.68160025206	66611.49012349917
269	12.6	2.5	50417.86716459214	80121.91575668176	75435.86615895448
270	12.7	0.25	49225.170948064835	56583.38344078955	56732.984794739816
271	12.7	0.5	49428.32682918308	59671.84961681818	59138.828180836965
272	12.7	0.75	49665.88398033208	54837.64439074042	55827.03409316084
273	12.7	1.0	49380.199707251646	52743.1345296136	54213.28650459644
274	12.7	1.25	49541.60696036031	56711.96145926139	57657.53231306031
275	12.7	1.5	49891.49364534005	56333.99818839658	57003.81863721708
276	12.7	1.75	49990.23618019947	77136.62166200098	67768.49475461789
277	12.7	2.0	51037.07232401029	79891.44610247212	58847.465008817446
278	12.7	2.25	50338.69185595377	63204.37180386024	62599.261630205765
279	12.7	2.5	51327.80611357947	69048.10732694193	68979.58225967642
280	12.8	0.25	49284.52036658748	57729.2601838217	57425.52189913751
281	12.8	0.5	49247.798924434406	61482.48535455241	60186.14389288284
282	12.8	0.75	49466.98246227937	58038.00777994499	57872.65004557095
283	12.8	1.0	49417.62719852313	58410.69362263689	57842.10772720848
284	12.8	1.25	49776.22890978804	56600.270028675804	56901.35195228378
285	12.8	1.5	49875.48403751543	67188.71916877544	65900.93936897402
286	12.8	1.75	50472.35474502682	59097.725639020944	60396.48350711033
287	12.8	2.0	51046.463855026705	61137.887737100165	62208.87448955591
288	12.8	2.25	51199.28106056634	65216.65520021479	63684.175852812594
289	12.8	2.5	51712.037978571476	73964.70864688535	71655.43411607313
290	12.9	0.25	49327.684487297476	59749.395133968865	59217.559692545365
291	12.9	0.5	49300.9447465296	56386.99429429982	56593.362258652
292	12.9	0.75	49392.18579641096	65731.43158134219	65795.22381788124
293	12.9	1.0	49048.49135699917	57119.02573507765	57623.9535043702
294	12.9	1.25	49533.06208629774	58287.465569501306	59307.293461063375
295	12.9	1.5	49918.974741360136	57240.75421433612	57107.1743823366
296	12.9	1.75	50628.022694599786	58421.70608785675	57536.02665851446
297	12.9	2.0	50152.29370307638	63314.67819814324	63551.24136285394
298	12.9	2.25	51619.19547820013	86015.94940373785	78494.67094599636
299	12.9	2.5	51718.886104658915	75678.99459875246	69122.25331141573
300	13.0	0.25	49139.21461422422	58306.381738542725	58126.066190435144
301	13.0	0.5	49175.04693658735	59067.0090639024	58869.25078617928
302	13.0	0.75	49259.7200117217	57583.13927878594	57935.59122359903
303	13.0	1.0	49452.699282003916	60897.732273168185	59779.49998952111
304	13.0	1.25	49634.23449685297	58389.98174545408	58980.11942591403
305	13.0	1.5	49965.05785942051	60541.62529456853	59217.25069407682
306	13.0	1.75	49785.19013862257	57778.059870038116	58597.2867731507
307	13.0	2.0	51031.88194765391	75382.5754511247	63354.39805676865
308	13.0	2.25	51223.64255908499	67682.0949822227	65169.67654276044
309	13.0	2.5	51687.062758943255	75970.32144815991	70740.67380297686
310	13.1	0.25	49135.58966194507	59016.96276104427	58536.352632527894
311	13.1	0.5	49279.4533148854	60659.66364000094	59835.668070487765
312	13.1	0.75	49241.15802029737	66114.44470627172	62031.734615025496
313	13.1	1.0	49574.97515368722	66289.37212870785	61145.825570150184
314	13.1	1.25	49683.8544867305	65716.3219055673	61331.136604776475
315	13.1	1.5	49535.935040004646	67783.19553860337	67845.43579968241
316	13.1	1.75	50139.32964429168	65776.96729069561	67209.44777517958
317	13.1	2.0	50000.95897930292	57466.35822391519	56714.52451973447
318	13.1	2.25	50816.26048325708	59557.81504072425	60052.78133822637
319	13.1	2.5	51945.37551202904	81790.66780896137	69965.8991710233
320	13.2	0.25	49169.04299309849	59550.25005537315	59146.82950984989
321	13.2	0.5	49232.468592966616	62173.265844470596	61099.35365536443
322	13.2	0.75	49404.33523008676	59038.52764490507	59644.90843359563
323	13.2	1.0	49619.512523428355	56570.26117743161	56765.8512383576
324	13.2	1.25	49623.0763428792	57786.88613718286	57218.98383440768
325	13.2	1.5	49715.76328701422	60228.67352920514	59458.50785310774
326	13.2	1.75	50034.13230569757	56486.74418121258	54557.92159452515
327	13.2	2.0	50570.289342172204	67342.9960744105	59653.664905375386
328	13.2	2.25	50684.01368112563	69942.727944919	63091.67606701762
329	13.2	2.5	51260.00446035686	74650.70436926509	72366.85433868914
330	13.3	0.25	49012.778894910094	60551.751719466934	59284.38357535064
331	13.3	0.5	49143.99190557607	62212.0379479738	60752.06265083627
332	13.3	0.75	49289.409420695956	56573.48968835928	57987.894566534545
333	13.3	1.0	49227.520457640705	64166.518546723244	63030.070585485926
334	13.3	1.25	49687.05122618134	52568.585949771244	54915.4749010586
335	13.3	1.5	49752.419488836145	81266.10543625323	65329.25258099167
336	13.3	1.75	50337.277290036014	64019.10867520464	65230.30584729588
337	13.3	2.0	50551.09293237765	81043.89590453783	72446.28555577
338	13.3	2.25	51194.18725007661	78290.07321422327	69161.51610789358
339	13.3	2.5	51218.13862272813	84197.77895906995	72296.56344842221
340	13.4	0.25	49142.67398980806	59516.057997652366	59029.040869341734
341	13.4	0.5	49210.35009339438	62046.78085317181	59942.143808329216
342	13.4	0.75	49207.89439236302	67515.34903077039	66738.51841130132
343	13.4	1.0	49288.47092148725	60695.323866323466	61443.06323183587
344	13.4	1.25	49503.876345035314	57708.88024294108	57989.1055084278
345	13.4	1.5	49559.07637544892	78262.24590995285	65745.26279219803
346	13.4	1.75	49798.0685419619	85429.09374205994	89106.60038773975
347	13.4	2.0	52317.68999077163	77222.36094594558	71078.43410990118
348	13.4	2.25	51013.7825196819	65065.22546170932	63841.593249843994
349	13.4	2.5	50751.047923139144	72451.26948858587	69384.83213433131
350	13.5	0.25	49154.38828462137	65012.82697488716	64381.33918501686
351	13.5	0.5	49178.99033795811	65010.2147862768	64566.03872743972
352	13.5	0.75	49315.70600190687	58032.788055791636	56907.036259613924
353	13.5	1.0	49294.22358491474	66228.7114508516	63540.00610960863
354	13.5	1.25	49384.91902974205	61302.548746605564	59950.525130204565
355	13.5	1.5	49744.2549518737	67699.07000650906	66339.44811399469
356	13.5	1.75	49486.68726888454	63234.6635304381	60647.03920337707
357	13.5	2.0	50955.974105738394	79171.84344894443	67140.29504245389
358	13.5	2.25	50980.2222081456	61419.727376665345	60860.94199066416
359	13.5	2.5	51153.29514881608	67335.99468823263	65401.842060259754
360	13.6	0.25	49085.016564199475	63157.46338456665	61786.35301785663
361	13.6	0.5	49135.3707492743	62783.87662539256	61856.90571900836
362	13.6	0.75	49331.25611649791	66170.36329050659	63333.272360200375
363	13.6	1.0	49216.26023863387	56320.76702028805	54526.84835932111
364	13.6	1.25	48921.4876908303	56946.19524513324	56907.016774571224
365	13.6	1.5	50036.82984536436	65654.02424447889	59606.945924292035
366	13.6	1.75	50319.231369828645	67156.5468825653	68799.72778124637
367	13.6	2.0	50411.60449282646	58415.85256499125	59372.512862603384
368	13.6	2.25	51113.692835594025	62005.21511615805	61465.84355319357
369	13.6	2.5	51599.69657560623	84697.68262767709	82259.43657955904
370	13.7	0.25	49044.780550284406	62737.86392328128	61586.53432116056
371	13.7	0.5	48968.91782756915	64231.81247730248	62797.45948727313
372	13.7	0.75	49275.983609214585	66065.20695144871	65736.06761464334
373	13.7	1.0	49283.34749982422	59579.56479026309	60030.05963899439
374	13.7	1.25	49725.688416613084	70894.15549617886	68276.94276192192
375	13.7	1.5	50645.176018794446	78251.58718705118	65736.84319817746
376	13.7	1.75	49883.188092458375	66609.82240693439	66424.76711314425
377	13.7	2.0	50998.21451394606	71116.42423753726	63807.8967874854
378	13.7	2.25	50203.551948577515	64548.27191218302	65718.44527882167
379	13.7	2.5	51725.229646411004	72829.510563464	63736.404021199705
380	13.8	0.25	48991.53653959931	62905.068856506914	60925.53516952433
381	13.8	0.5	48979.35087855699	63517.44902852197	60904.08606097157
382	13.8	0.75	49239.24254181941	70025.29647000507	69032.28771407665
383	13.8	1.0	49320.86409953386	67929.02341054207	65305.94043237937
384	13.8	1.25	49257.49512281426	60806.06194107571	60730.50118962081
385	13.8	1.5	49974.18486307365	56949.81290359929	57165.70924304348
386	13.8	1.75	50276.4618297779	62296.27090918531	63507.53922088693
387	13.8	2.0	50263.85141922659	80843.92910196875	69909.14091438497
388	13.8	2.25	50845.849640318826	65147.66748756803	64560.4574583638
389	13.8	2.5	50797.63698213308	61242.63110817265	60119.60378882942
390	13.9	0.25	49128.239457572396	64827.71507069221	63561.67609936665
398	13.9	2.25	51234.45037351537	68018.35233197901	67136.39326656777
397	13.9	2.0	50754.69588050165	79358.27650879807	73791.94106436516
396	13.9	1.75	49976.055635744786	76395.2273621629	60458.01444846466
394	13.9	1.25	49341.61258399393	61240.61920509433	59644.39011430646
395	13.9	1.5	49974.28171508637	57215.3065445454	57704.35356577909
393	13.9	1.0	49454.29892377143	64055.19633927931	63684.881117171106
399	13.9	2.5	51803.87099329679	95325.76888524527	70632.84565732538
391	13.9	0.5	49171.398842208284	60678.68923948085	60268.37851926582
392	13.9	0.75	49268.608312454904	69780.0324571937	65794.26945981647
401	14.0	0.5	49081.996535680046	66406.43514248401	64479.90863092675
403	14.0	1.0	49744.702008380875	66024.21464356953	66124.12739741233
409	14.0	2.5	51070.88524401955	69967.38221438398	61367.24016183142
408	14.0	2.25	51269.78587349019	66568.60850852328	62567.433326734994
407	14.0	2.0	51166.59604458643	89375.72529138536	68658.17668393756
402	14.0	0.75	49165.4391419001	59775.05248790883	57227.83628257546
406	14.0	1.75	49829.2668684004	81681.22495860625	68906.28924796532
400	14.0	0.25	48936.395458909275	63650.76520358904	61805.20462817975
404	14.0	1.25	49561.57321393905	70342.72425532663	65732.29034270607
405	14.0	1.5	49276.75546258522	59112.563504369115	58156.44513791807
416	14.1	1.75	49773.34003295064	73102.40648305566	67403.22969481944
417	14.1	2.0	51269.964823086244	70428.0872932809	69743.64877198286
418	14.1	2.25	51184.851663392146	76739.24312872566	64868.103181429564
419	14.1	2.5	51950.37971998205	63160.79187823777	62853.072267936994
412	14.1	0.75	49064.08643244373	63227.80603532873	61270.74424760824
413	14.1	1.0	49237.82373955195	73115.20358157146	67292.14683073213
414	14.1	1.25	49736.5703604972	67303.80980081306	64816.358976863725
411	14.1	0.5	48897.10042240686	60629.797351807334	59256.52533562678
410	14.1	0.25	48977.90956812461	67811.88551388093	65941.97959164497
415	14.1	1.5	49971.092414126346	81693.46739155904	66392.76654094002
420	14.2	0.25	49093.10990039847	68640.1510843932	65956.68600290976
421	14.2	0.5	48909.25312902199	65852.8000460352	63855.911032959695
423	14.2	1.0	49374.715982625494	71627.78199830659	64256.15051626356
429	14.2	2.5	51544.533040040726	68932.26401888214	68814.56348430208
428	14.2	2.25	50591.77493859266	66023.78403614253	62874.38020232718
422	14.2	0.75	49077.850705680336	69641.90066995221	66483.01546595624
427	14.2	2.0	50205.120393953024	53733.74330166508	55445.33174821058
426	14.2	1.75	50649.79356413134	64610.583989817394	56335.781276777765
425	14.2	1.5	49786.0060266313	48726.13211577644	51613.04580690064
424	14.2	1.25	49195.599159863705	49865.98160112655	54187.30656714729
437	14.3	2.0	50546.67063323047	54295.613145657	55300.437733836385
431	14.3	0.5	48929.35933716654	63912.03917181468	60821.51925922473
438	14.3	2.25	50883.775257250956	56831.495148639355	58922.520235365286
436	14.3	1.75	50503.93175235938	53029.83405441976	56111.71141220798
433	14.3	1.0	49671.74026377916	72319.97769193839	63436.91966777395
432	14.3	0.75	48995.6082096527	67169.92556372058	63356.43075551916
435	14.3	1.5	49872.99902740716	71923.9131620289	68405.31781870214
434	14.3	1.25	49361.74986278853	63746.87755720519	60678.99244415377
430	14.3	0.25	48820.76991646294	69046.40404523465	66187.77860575051
439	14.3	2.5	53278.13170744138	69990.27131402148	66684.82033110157
449	14.4	2.5	52022.535004674086	72319.9633228497	70571.99011555882
448	14.4	2.25	51303.29147908056	73479.34438216183	67581.61348363801
444	14.4	1.25	49611.3036662922	74908.85796738444	68348.26517152488
445	14.4	1.5	49953.846411457765	78690.37802765571	65872.65909597077
446	14.4	1.75	50247.60687693462	74143.51893915942	66924.24759983624
443	14.4	1.0	49281.98373596484	79858.08167509318	68308.05758402286
441	14.4	0.5	49042.559087415866	69717.70701381534	63869.76312069128
442	14.4	0.75	49107.77309440819	73313.80173864978	64220.14555264883
440	14.4	0.25	48872.866949952804	68551.72125888639	65134.98671640852
447	14.4	2.0	50078.55779666905	74812.18509275315	64537.42186408441
454	14.5	1.25	49799.3154674167	77673.79930840977	70600.09098097295
450	14.5	0.25	48939.2451953594	68305.79978024977	64988.95955687059
453	14.5	1.0	49461.12870776523	64997.282645879626	60174.725711132945
451	14.5	0.5	48993.880151491634	65274.44971736334	60062.82758280381
452	14.5	0.75	49091.873232026854	63670.71370613501	62293.216937578225
458	14.5	2.25	50903.74085602568	73902.61254595354	71136.65222474467
457	14.5	2.0	50411.237130242815	62704.28164080187	62371.05799247407
456	14.5	1.75	49841.98577031551	56903.33631833942	57210.11963046489
459	14.5	2.5	52631.617667677936	81429.84808157105	71100.3094907432
455	14.5	1.5	49251.949158632146	67258.10557299068	60024.02955559415
468	14.6	2.25	50317.86403865175	84871.2724091585	65103.29637886627
469	14.6	2.5	51685.785321899835	89247.82188459557	69167.93639894229
460	14.6	0.25	48925.661056834215	70086.34484919779	65670.60380051188
464	14.6	1.25	49371.3441979031	63682.946967579104	62392.96992710476
466	14.6	1.75	49786.33508792207	69368.64388697053	63317.6183301412
465	14.6	1.5	49816.681394573105	66042.35096910737	64765.948010252105
462	14.6	0.75	49167.87219186075	73357.99400344917	64944.811494157315
461	14.6	0.5	48909.74130799851	66046.25850639542	62417.22075191517
463	14.6	1.0	49731.07040539818	80841.36248654818	66718.28999839246
467	14.6	2.0	50990.01506333	66902.54255853004	55380.49053788834
470	14.7	0.25	48805.4527026094	70499.85317130793	65212.85401556938
473	14.7	1.0	49760.80681204063	84468.14065216895	68250.04005250963
474	14.7	1.25	49659.441445242155	76280.25830425737	69834.68061944623
475	14.7	1.5	49626.910360008595	72129.89110459731	67710.57368754817
476	14.7	1.75	50110.03317709534	97188.68832455226	72701.43908382287
477	14.7	2.0	50541.82997458784	76441.78347454478	68187.3452577855
478	14.7	2.25	51900.547877652745	74392.04707272933	64896.17669985737
479	14.7	2.5	51545.71619054847	77565.5682115092	69708.39210951286
472	14.7	0.75	49152.331807160714	72558.95535267741	66517.87660499416
471	14.7	0.5	48930.937832457494	67725.14334112125	64819.99702219492
482	14.8	0.75	49069.23422825805	73006.88894911033	64758.95542945143
480	14.8	0.25	48770.52394523704	69926.93430007817	65154.33380006823
484	14.8	1.25	49572.94204390393	76045.15554434422	61883.1083247302
485	14.8	1.5	49653.27408051958	88107.64344195403	71048.87166951894
486	14.8	1.75	50768.90685966014	71512.0373336725	64691.31817118209
481	14.8	0.5	48817.08686318535	65058.15437843778	63351.40639727206
483	14.8	1.0	49306.90840375136	72126.02311707687	64500.32052420422
489	14.8	2.5	51793.381234219356	81790.30454994203	67289.83769863413
488	14.8	2.25	51309.57671099409	67138.23517933936	62297.591197122005
487	14.8	2.0	50193.49310860585	57633.82589489035	58370.95460126402
496	14.9	1.75	50299.031431949006	78874.01448845779	68596.06712591564
495	14.9	1.5	49546.6826710339	75328.7675872156	68688.97438405557
498	14.9	2.25	50556.05329876467	71402.63685994108	63831.694189296686
497	14.9	2.0	50140.18496401879	65002.385388792725	61459.2049134236
492	14.9	0.75	48956.643273834314	77511.58790955665	68249.15210755546
493	14.9	1.0	49049.75617656725	63142.93953185903	59301.63078266995
490	14.9	0.25	48826.27948494414	68937.87222724577	63602.84118425704
494	14.9	1.25	49272.94180217924	78759.1961065478	70725.55054581749
491	14.9	0.5	48874.04659390949	70640.2103196373	64525.28336358975
499	14.9	2.5	52120.20483043095	72933.26179342644	60998.37597690063
500	15.0	0.25	48670.9358246198	70983.71190590793	65237.99079166165
501	15.0	0.5	48785.37978347533	72116.3021872838	65517.17965638624
502	15.0	0.75	49152.2128685915	72296.50551850413	64985.5559947481
506	15.0	1.75	49906.49465644995	68225.15626370309	62673.30085353519
504	15.0	1.25	49837.90355085768	70391.41177652152	67595.094991454
505	15.0	1.5	49954.3897097945	74392.17131277389	63835.31223107633
507	15.0	2.0	50624.73290503473	56537.31013568606	57212.89852690849
508	15.0	2.25	51049.18659781032	59763.56742665659	59252.421701323445
509	15.0	2.5	52411.83628480535	94456.59477811099	75839.84043376545
503	15.0	1.0	49170.756119678386	62831.66366937223	58993.23958112119
512	15.1	0.75	48909.166929297615	65906.22113022405	64257.03950809815
513	15.1	1.0	48959.430191566644	67597.39197867467	62647.146201685064
514	15.1	1.25	49412.94821837853	69930.6027131924	63233.48939461147
515	15.1	1.5	49774.30892112155	57674.82520949024	52710.12607113794
516	15.1	1.75	51407.85555066871	83520.02248493081	71346.36356813999
517	15.1	2.0	52125.54130111482	87564.46400838291	74332.45207552395
511	15.1	0.5	48792.52115817621	64227.478527433275	60512.69740096232
518	15.1	2.25	50777.660468957605	86114.88805540535	64540.77636836292
519	15.1	2.5	51462.197010072654	76778.90639125936	74799.70794252766
510	15.1	0.25	48712.05225114265	71176.82777098102	65852.64842694253
523	15.2	1.0	49496.6754935988	73631.24442876209	62437.04246975635
526	15.2	1.75	51656.4296241023	86670.74458471552	65878.3512678618
527	15.2	2.0	50544.96925914305	77929.58832243024	67924.44266885197
520	15.2	0.25	48729.22419811193	70529.75974784698	65405.33009426131
525	15.2	1.5	50526.98856905101	88332.45329368814	65881.92317406024
524	15.2	1.25	50507.0297079025	89441.76896079585	67277.07104466882
528	15.2	2.25	51792.92933768608	99700.9635974058	78290.87227709037
529	15.2	2.5	51454.26107088131	73093.55272964541	65199.301570609096
522	15.2	0.75	48671.0555325371	70622.47897987708	64456.16766744427
521	15.2	0.5	48872.58139133439	71992.13076049872	65409.0074815002
535	15.3	1.5	49258.40720280499	57069.018204705055	56797.219134086605
533	15.3	1.0	49316.85635113712	74441.53559198111	65731.02736797821
530	15.3	0.25	48712.0885614188	70088.08024967763	64730.36174691466
534	15.3	1.25	49234.4435639448	74659.57187510922	64551.92436169487
531	15.3	0.5	48848.21018959583	78238.13860612383	64784.07292971766
537	15.3	2.0	50516.20561437428	83719.9050216784	72369.3734331064
538	15.3	2.25	52310.67752456235	87693.6246364299	78600.4400633233
539	15.3	2.5	52452.483023665765	98510.47413295765	77727.79231774402
536	15.3	1.75	50448.53666969384	75007.21166065807	62511.53779552236
532	15.3	0.75	49489.193305006076	79314.88275444243	65887.8752273968
541	15.4	0.5	48763.32022215089	71690.64975579923	64299.460142586555
543	15.4	1.0	49340.267652827155	77061.03853852843	67799.1725245574
547	15.4	2.0	50402.66831753178	87830.44156364605	77645.06048725518
548	15.4	2.25	50746.43320835713	85874.69187253049	74830.02990413133
549	15.4	2.5	57335.03528329768	101466.33476374953	80685.05462122195
542	15.4	0.75	49137.22752053818	64296.05300940291	61119.82426475085
545	15.4	1.5	50259.17398427612	81350.55685171607	68321.6389181028
546	15.4	1.75	50536.50774314295	69989.98334460225	63381.95566762359
544	15.4	1.25	51115.9970022597	88571.7478266242	68418.49490636282
540	15.4	0.25	48708.44167410572	72199.16459703654	64495.934496844384
550	15.5	0.25	48709.83406813296	74988.58603160066	64209.34410451754
553	15.5	1.0	49175.02993008948	78601.7871878183	63996.82405449116
555	15.5	1.5	50178.28819258761	58452.139717563245	57172.44726607193
556	15.5	1.75	49382.0991531426	64698.73792406576	61978.81045039837
557	15.5	2.0	50925.41684548275	65390.7394880115	56985.79671142797
558	15.5	2.25	50962.10212485384	81054.13901527312	65388.282531147146
552	15.5	0.75	48782.34123646731	70954.92282940523	62916.15185345114
559	15.5	2.5	51658.96917272885	72606.62000921466	67366.81374762232
551	15.5	0.5	48952.187210245145	77579.59173733459	64091.15236908403
554	15.5	1.25	50381.62753276121	91602.74770500172	73583.1958237663
568	15.6	2.25	52422.77584879572	80783.51730513632	67152.8384319246
569	15.6	2.5	52181.556208136644	66874.29633018562	59113.646542960494
567	15.6	2.0	50278.66067317601	63410.72569431388	63099.79470437519
564	15.6	1.25	49701.05154255223	79284.66852583468	67194.5767335821
561	15.6	0.5	49121.28205187032	81295.12366571199	66402.46610859936
563	15.6	1.0	49586.85582656226	71901.36485192532	67328.25827866554
562	15.6	0.75	48775.67414122223	70181.06682094859	62363.61230888805
560	15.6	0.25	48721.60689836678	75442.792985204	65597.30452784357
566	15.6	1.75	50694.37326643079	79763.31485388165	62877.26625635732
565	15.6	1.5	50003.66480245458	70382.93994693804	63420.00586944422
570	15.7	0.25	48661.94557252863	74009.00202113474	65688.4749432687
577	15.7	2.0	51717.69181515752	83543.79859076033	63281.23605138065
576	15.7	1.75	50226.545749034456	74884.14515733917	65226.3457851149
573	15.7	1.0	49543.34238085609	75146.91642029397	63705.82191804341
578	15.7	2.25	54821.425607635596	96086.08998418208	73328.97246124934
572	15.7	0.75	48972.88414216683	66400.78982395414	64391.30853974504
579	15.7	2.5	52651.837301141444	66495.53957682232	63958.98135622248
571	15.7	0.5	49012.94518726553	78168.639184562	66013.27413744462
574	15.7	1.25	49064.02134774852	60007.27345869405	58301.72551968659
575	15.7	1.5	49716.9392564003	89426.29782745555	69663.41722160693
588	15.8	2.25	56814.04668528987	97809.26735856867	75949.09258845802
586	15.8	1.75	51525.447948783236	84883.49188481735	66472.40684524634
584	15.8	1.25	49023.93254258715	80394.71166092002	65753.33651216938
589	15.8	2.5	51633.26380338716	81784.81716860963	64572.85910862608
585	15.8	1.5	50085.29940753269	81967.48267609821	65740.23775246034
580	15.8	0.25	48764.07861896293	75513.2517468797	64719.05010169673
582	15.8	0.75	48546.90577064649	70541.1137471726	63224.785905310884
587	15.8	2.0	51918.83357911542	101667.92850345472	73317.02971004888
583	15.8	1.0	49094.53083405841	81716.56386373597	64948.17949968289
581	15.8	0.5	48714.633878707675	72262.39331184434	64938.802509047535
597	15.9	2.0	50375.88189299872	77299.53230248025	68176.43017453869
598	15.9	2.25	58224.95133706787	113888.09335458095	82855.96212577508
599	15.9	2.5	51303.270278081196	85560.80386101216	77320.45726230087
596	15.9	1.75	49570.27416446873	69657.78429525276	60436.382619484815
593	15.9	1.0	49534.41727233495	81632.00494782782	65905.45154526993
591	15.9	0.5	48932.05842173891	74577.22451227135	65454.45781374971
592	15.9	0.75	49508.51875485317	83867.60120654335	68088.08770003854
594	15.9	1.25	49158.82655398238	66857.50554971672	63620.68470109771
595	15.9	1.5	49405.23251870265	69858.32131198831	63782.75341719334
590	15.9	0.25	48506.31806734294	76853.60292920923	64593.18777813881
601	16.0	0.5	48778.0393890405	73435.60972820288	62123.180859439264
602	16.0	0.75	49471.99045701115	81239.05233028863	68799.57049417603
603	16.0	1.0	49206.80320583655	73625.24494879179	68230.50283085385
605	16.0	1.5	49663.56910364489	68386.94244004376	57375.494725115255
604	16.0	1.25	49636.605892248	78943.74443439775	66927.20355268221
607	16.0	2.0	50647.4567135415	96266.26628661905	73849.03914409316
606	16.0	1.75	50413.61761849239	71284.0923545309	66162.81010643022
608	16.0	2.25	51712.77357209958	67920.08482469841	57170.551785517266
600	16.0	0.25	48570.48578795201	77537.77423558802	65651.9473401068
609	16.0	2.5	52476.46238659791	72960.58108513779	64041.37041776317
616	16.1	1.75	51060.42470633283	77394.36483274335	62526.605309789076
618	16.1	2.25	51867.900396889556	99177.75144688737	73346.5587263567
613	16.1	1.0	48873.30530367116	70502.12898960308	62053.73127244096
614	16.1	1.25	49515.64346286903	82535.19846984881	72140.15564473855
615	16.1	1.5	50294.85834305366	76242.56531847472	60489.30822271805
611	16.1	0.5	48627.27913452106	75996.49870796871	67597.90041438566
612	16.1	0.75	48939.1321219131	72811.73971858715	64223.14449256076
610	16.1	0.25	48653.18688475444	77109.55284718453	64917.999549565175
617	16.1	2.0	52485.87004133122	81979.42833713003	66903.74008708927
619	16.1	2.5	51820.710290052055	84653.76726820614	67071.45583914645
620	16.2	0.25	48701.97032939854	78536.91729015589	65060.56080873207
628	16.2	2.25	50457.10323889619	91010.03123022939	67387.48795957514
624	16.2	1.25	49308.44169216979	73050.01731882566	65130.74524497277
623	16.2	1.0	48788.651971476735	76538.27015883934	65169.61136635798
626	16.2	1.75	50478.91231405792	72992.4287291742	64478.26698617431
625	16.2	1.5	49775.603563154276	92125.08263446222	70783.32310084646
629	16.2	2.5	53427.32533122679	96665.98960680526	69479.25058753733
627	16.2	2.0	51477.74577390079	75253.19490955259	65038.77125785281
622	16.2	0.75	48989.25289382592	78097.4451171158	65416.115272120194
621	16.2	0.5	48662.07250330702	75649.50165672081	64607.223176302294
636	16.3	1.75	50502.7430175954	81202.80558035047	67556.3438869947
630	16.3	0.25	48498.69725629232	73580.41016474787	64146.99742168096
633	16.3	1.0	49345.95216840053	83129.40944055212	65480.69077812929
639	16.3	2.5	52534.06791602853	58952.81418909838	55636.78274693512
632	16.3	0.75	48899.01095186815	79565.7241176758	65743.37131002983
635	16.3	1.5	49958.924815257866	89919.39822467997	69980.87090657742
631	16.3	0.5	48756.5924844255	80052.40208460733	64778.68528436722
634	16.3	1.25	49552.426739343144	60382.64455173064	55318.869267067756
638	16.3	2.25	50609.79602562437	76903.1841778069	67281.96995692539
637	16.3	2.0	50910.421333148595	74230.27778518049	65939.8534027145
648	16.4	2.25	52831.27078739772	91125.34921066783	78790.48078506472
649	16.4	2.5	53099.99436472116	105530.67223793751	75589.29399920699
647	16.4	2.0	51389.37663504168	90244.86463399862	67830.40539793731
646	16.4	1.75	50701.03900339231	60242.77012640188	62142.61580309786
645	16.4	1.5	49985.33036517225	81278.79067800526	66320.9360804379
644	16.4	1.25	49166.45543424636	71236.31687178304	65085.200560360056
641	16.4	0.5	48773.98903687823	78266.2487300505	65194.04286056498
642	16.4	0.75	48723.67706896723	70107.51842023972	60130.1667575782
640	16.4	0.25	48687.17148708631	80321.41981157365	65691.88265151872
643	16.4	1.0	49117.6501264841	78863.15196638672	65863.42616130102
656	16.5	1.75	52899.4664858861	93056.62015882174	74253.85050751636
655	16.5	1.5	51031.592792903604	83250.45734656225	68479.44563083489
652	16.5	0.75	48977.27713367778	81751.81437445378	65693.10732515132
659	16.5	2.5	52269.37235196917	81668.21090770561	73600.72915355246
654	16.5	1.25	49838.94594366547	87527.78399667042	67659.49732659345
653	16.5	1.0	49173.27114108079	79446.75547898616	61015.29176388049
651	16.5	0.5	48484.910715437596	80629.67127330751	66256.14048524761
650	16.5	0.25	48583.10428360177	77933.14769819549	64906.59906165412
657	16.5	2.0	52233.1113955658	78073.61198327644	64726.58932027286
658	16.5	2.25	51923.90769127298	79192.36099876398	69191.26605133965
668	16.6	2.25	51911.84928841098	94299.73816416456	70704.70344017874
660	16.6	0.25	48538.3115096338	76949.50385836138	65302.803218852096
663	16.6	1.0	49443.970250467086	89829.34329410661	69898.11015846024
669	16.6	2.5	51581.91274582778	74829.71740188982	61369.05881060026
664	16.6	1.25	49793.616820364085	68746.69334052129	61607.45374128558
665	16.6	1.5	50281.04815786008	82051.90942041608	69072.02361254439
666	16.6	1.75	50982.96399574609	80732.5158461286	67583.54437054327
667	16.6	2.0	51378.00968872333	68072.11300583617	62239.21721597446
662	16.6	0.75	48752.10262595495	81940.89730039198	65380.6243211997
661	16.6	0.5	48530.01440112152	76580.2929232321	63097.87523728006
672	16.7	0.75	49782.221093997614	89476.38575731008	70251.626198707
671	16.7	0.5	48475.05074626323	77380.06551379929	63877.265292249314
674	16.7	1.25	49649.28416920845	77749.04916062762	66660.89593110485
673	16.7	1.0	49505.98161923065	79838.83959469575	62432.57661344843
678	16.7	2.25	51646.31333898952	77502.75218966499	67341.38661994756
677	16.7	2.0	51006.704059629716	88227.29934176481	67430.07311724058
679	16.7	2.5	51782.804888799736	101765.54168221174	74763.75555226888
675	16.7	1.5	49598.95037978714	73330.85000345731	63609.4249916761
670	16.7	0.25	48439.54610535911	77008.06357738962	64630.86797238469
676	16.7	1.75	50760.74736305374	55248.43023968698	53444.32156659974
683	16.8	1.0	49213.12877248979	74890.90294902971	62400.32937766699
682	16.8	0.75	48808.63304873239	83773.08518748515	67818.5538281149
688	16.8	2.25	51273.604103444566	88291.76445992095	73356.34883426178
689	16.8	2.5	51267.15556756568	88178.28349730487	73499.68861491793
685	16.8	1.5	52944.29019276727	90999.17747545609	71165.62914539658
684	16.8	1.25	49063.45514623244	80408.58440213236	63831.65373497648
681	16.8	0.5	48467.3658488018	73146.42807336051	62300.51507100627
680	16.8	0.25	48508.2939104723	77231.17237866028	66334.05166983661
687	16.8	2.0	51021.924707474485	78245.53226152003	61138.917734919596
686	16.8	1.75	53301.001778691956	87632.81503189505	82439.9116350075
696	16.9	1.75	50888.34884186306	91533.76860623753	70879.87718369252
697	16.9	2.0	49993.13869580524	67440.67179192371	58260.96991337336
695	16.9	1.5	50528.84689287421	87284.31491573967	72180.8331292819
698	16.9	2.25	52367.58447224015	85012.02596739252	75485.84482053688
699	16.9	2.5	53709.56600889844	77208.31423929338	70904.44002503958
690	16.9	0.25	48405.166111255036	79421.30883948073	64761.41894368365
692	16.9	0.75	48921.14945692882	75908.61738026643	63780.74523508933
694	16.9	1.25	49585.05314855787	74604.4558745896	63349.99184967056
691	16.9	0.5	48510.36703682431	81416.43124966817	65575.34967746711
693	16.9	1.0	49296.447952821385	88250.82069238674	69814.39983822976
705	17.0	1.5	50175.03559558733	78738.20647600004	60601.917943829394
703	17.0	1.0	48921.14966761233	81531.77313104509	64783.422003769345
704	17.0	1.25	49133.53534135111	75459.52835153652	64686.516610951505
700	17.0	0.25	48521.63458682896	82720.75065070025	67368.90955701805
701	17.0	0.5	48743.93570709036	75257.75754559296	64990.26339396294
702	17.0	0.75	48943.86753868133	88844.2961485574	68150.82524204432
709	17.0	2.5	53763.86338144059	100690.52706291508	77455.34168975835
708	17.0	2.25	51672.66547738962	85687.3159193138	68118.340705864
707	17.0	2.0	51984.71340199104	94739.35564000286	75469.39106024956
706	17.0	1.75	50031.999955787636	83061.02841424855	67509.39574624266
714	17.1	1.25	49949.91490814357	90888.74293369688	67876.57359531123
715	17.1	1.5	50377.06220846012	99139.80072263312	78528.54218904344
716	17.1	1.75	50683.51059180306	68439.8647781748	61750.85987760117
713	17.1	1.0	49530.336510551475	97298.81003316221	74883.96443199526
719	17.1	2.5	52407.73186315097	89776.17408941514	72526.79732429094
711	17.1	0.5	48612.038258910194	82764.34780970977	68389.59580247849
712	17.1	0.75	49076.015140700074	83602.65878123984	65662.86357553797
717	17.1	2.0	55849.3731368074	97213.63350674175	72001.49024125119
718	17.1	2.25	52321.16751100241	95333.59783432371	70502.3301029735
710	17.1	0.25	48609.25351705121	83241.1290734541	67421.6946420773
721	17.2	0.5	48564.16540324311	80452.52830451725	65228.85754814472
720	17.2	0.25	48582.0175298217	80916.1867856707	66893.90010488348
728	17.2	2.25	51781.44177024977	73394.51733785824	60012.59762090608
727	17.2	2.0	51865.1891155104	84076.26892944092	67575.91845939409
729	17.2	2.5	51614.57768670827	81237.82571851969	64712.75596260944
726	17.2	1.75	51188.16989557543	85146.06783836485	66579.39163279723
725	17.2	1.5	50028.429656323155	74441.65593462273	59851.034476521556
724	17.2	1.25	49867.66044761887	74205.24959498881	69013.37721753432
723	17.2	1.0	49336.76409343441	74333.1866997275	65233.94738742261
722	17.2	0.75	49165.069843656296	91503.11412164524	69269.98726746427
730	17.3	0.25	48494.951189078776	83939.98699152362	66509.86050033156
731	17.3	0.5	48952.1188417496	84997.35186111591	66990.09315520192
736	17.3	1.75	49829.011520027554	74678.04426136048	61492.40300179446
738	17.3	2.25	51837.15271676556	54720.388436338115	51798.57120907692
734	17.3	1.25	49335.95057830775	63706.23662659494	52589.64660934265
739	17.3	2.5	57949.08675342285	99142.11433231199	76645.2256872005
732	17.3	0.75	48750.24833105736	73175.00711884032	61122.98996397271
733	17.3	1.0	49669.56361047755	87239.1615466565	67709.38291258288
735	17.3	1.5	49438.595934309684	74144.35309969685	65151.72344742013
737	17.3	2.0	51358.93423367799	87318.01535789874	62078.90289640526
748	17.4	2.25	52165.452138098575	94460.42985783471	75952.35435521972
747	17.4	2.0	50264.05337914705	72953.8095974898	63651.84462919871
746	17.4	1.75	50267.52409746595	88860.32643676286	66683.00954995069
743	17.4	1.0	54269.10563661849	101897.43453682719	76126.93708693402
745	17.4	1.5	50586.16991049864	95191.53864548483	64787.42949965091
741	17.4	0.5	48537.84190243491	82922.73837918176	66023.64160623294
744	17.4	1.25	49887.89271995485	65038.71575516977	57851.04440691278
742	17.4	0.75	49335.275308615506	92792.57978684553	69778.84602471061
740	17.4	0.25	48358.79364860297	76710.87336222266	62214.14700162432
749	17.4	2.5	51347.84622141143	61885.74478453762	58068.42348846267
752	17.5	0.75	49379.60842712621	87264.86606589015	69760.71631300688
751	17.5	0.5	48765.893197676865	88548.1419013787	69142.16637397716
753	17.5	1.0	49365.09152413464	79960.80435424333	63226.09144825219
750	17.5	0.25	48497.47600405255	82055.65490207046	65414.49356493336
759	17.5	2.5	57564.51590488805	99609.13550238153	76194.34228114784
756	17.5	1.75	52983.940944285845	100345.5959768376	74511.41789775182
755	17.5	1.5	50656.96918871237	99977.73482005707	75828.9193501192
758	17.5	2.25	50442.132933422	73563.04561819106	60335.635621912115
757	17.5	2.0	51730.075037717084	75014.59375624247	57331.55631852675
754	17.5	1.25	52555.614502224045	96270.64317509651	73664.241867554
764	17.6	1.25	50881.432940266146	91963.96718478577	70708.91066611541
762	17.6	0.75	48585.890064587016	73807.73633196884	61433.95748314619
768	17.6	2.25	53165.29599384386	88851.11183151408	72241.90791876629
767	17.6	2.0	51230.28414992133	86236.96118529589	70004.88328664677
769	17.6	2.5	52207.70748938581	82128.428528094	66957.59335068792
765	17.6	1.5	49544.36736751002	82005.0933309118	63929.45565731481
766	17.6	1.75	51242.66889034666	81904.68511574283	64816.98892080845
763	17.6	1.0	48847.242684545316	78504.0515802263	61881.93563621531
760	17.6	0.25	48538.3243927453	83016.31843268499	64367.16973941262
761	17.6	0.5	48519.042341043256	89039.30402697892	68871.05773453429
778	17.7	2.25	52072.47341839118	80446.19286484078	71023.98064726329
779	17.7	2.5	55135.40801003183	106889.60522998607	77041.86375603075
776	17.7	1.75	51342.495347596305	91871.68679241148	76654.55017727395
777	17.7	2.0	50782.8222197217	92158.6838628463	67495.44145015068
775	17.7	1.5	49938.97667807395	73218.52652553968	62388.83333268556
771	17.7	0.5	48446.8556073553	74478.28069034571	61345.67702857265
772	17.7	0.75	48987.88052059153	77764.23512599675	64758.19871488597
773	17.7	1.0	48345.90815370167	76868.19282626091	60732.047003992906
774	17.7	1.25	49614.412443741414	77437.28349613844	62691.34432099841
770	17.7	0.25	48469.82641950015	84026.24932360822	65886.86808881418
780	17.8	0.25	48281.452721114154	80370.79458523166	63146.98845306519
787	17.8	2.0	61299.74181804198	114947.76227616087	86924.28361212429
786	17.8	1.75	52726.676763378564	86491.49519041138	67772.49824330662
782	17.8	0.75	49121.74760709126	83865.4557619839	66378.7921659692
788	17.8	2.25	55352.65893215579	89904.03899402513	71935.98142662832
789	17.8	2.5	57391.71548599089	105282.6425827543	83811.91265103922
784	17.8	1.25	50297.54773992231	78970.38624621446	62841.26823245664
783	17.8	1.0	48897.29336674091	80440.17070781045	63213.60802042997
785	17.8	1.5	51285.06777165981	93989.52574575416	68483.94834780214
781	17.8	0.5	48862.99293118284	88854.05373017119	69084.36166992187
794	17.9	1.25	50037.19210906454	97181.50810730617	69298.75754251916
795	17.9	1.5	50179.17469037035	81369.75638964833	65917.09561511486
796	17.9	1.75	51998.40476689394	95629.34879160025	68783.3964411069
793	17.9	1.0	48211.62116733556	81628.31565017726	67012.64385209161
799	17.9	2.5	54140.22670598783	95429.65079867507	62860.348089572035
791	17.9	0.5	48715.95599266052	87618.64455030316	65834.71557722033
792	17.9	0.75	48906.94310716568	74892.57729161614	65024.974517661554
797	17.9	2.0	51870.43580200048	90760.01586143921	72724.21216287726
798	17.9	2.25	53791.657932423164	115194.63080525468	78929.96598591999
790	17.9	0.25	48315.078290433805	81459.54936047186	62867.60692883068
804	18.0	1.25	50362.05937295972	77843.69684958072	58983.013251115495
802	18.0	0.75	48695.83662163995	85083.63740953188	67758.86348399817
808	18.0	2.25	52285.22733910072	91617.61240717868	68824.2918679126
807	18.0	2.0	51444.47849925103	66100.88966246833	57032.47211074567
809	18.0	2.5	51659.59005400428	60250.69011601233	59402.720322287736
805	18.0	1.5	50468.61048973582	100182.74253682778	67906.47457795656
806	18.0	1.75	49772.44596762637	67292.28121338421	57079.30044709586
803	18.0	1.0	49266.79492792705	71037.65274382285	61155.32985790703
800	18.0	0.25	48301.75151884983	81966.97805420872	62235.688733233554
801	18.0	0.5	48651.67460881314	82814.35720073838	63910.660735194026
816	18.1	1.75	53309.966177738715	108210.52532570048	77271.77541830722
815	18.1	1.5	50941.904619268986	95016.53189841984	66523.25141975962
817	18.1	2.0	55666.80820995846	104809.30728177998	83819.75886545336
810	18.1	0.25	48379.10037975881	82211.48848839958	63510.48250186604
814	18.1	1.25	49491.03436674895	80320.76303495959	60194.788964140185
811	18.1	0.5	48694.19961653133	84136.99189305732	64656.20755053154
812	18.1	0.75	48933.6398651669	75254.2673183875	60437.138193890394
813	18.1	1.0	49444.07068528634	82267.8207485993	63017.59074566441
819	18.1	2.5	53470.045160108224	81916.23848032187	62675.09912284208
818	18.1	2.25	52928.19831225706	77124.82134186376	60588.30300997677
829	18.2	2.5	53001.09653775387	103162.34891496401	75256.62542361017
821	18.2	0.5	48690.3943577971	87827.35592507778	65749.45897314795
822	18.2	0.75	49731.04758983497	91849.58885718991	71610.78339049882
827	18.2	2.0	52023.98732354045	88928.65343278353	68820.48859356734
828	18.2	2.25	51510.65777765039	87589.45319972951	72040.99028789782
820	18.2	0.25	48482.65135560185	84671.47835995768	64000.94779848338
826	18.2	1.75	50251.94010930756	79142.15186461608	65006.26684686715
823	18.2	1.0	49184.64661223515	86931.8967945853	61260.92147573072
824	18.2	1.25	51653.197170685	106176.79802403614	80281.72099416703
825	18.2	1.5	51969.90439240945	99238.91431602184	72767.14848020418
838	18.3	2.25	51978.7817539998	85113.56132181954	71489.70784240757
834	18.3	1.25	52070.20440493855	101566.70693049332	75854.54770241005
836	18.3	1.75	50047.00050490534	84847.86743715365	62516.237018038846
835	18.3	1.5	50532.164115398075	90143.67839363632	62687.553142891426
830	18.3	0.25	48339.30585316659	83852.24531766059	62951.78516830351
831	18.3	0.5	48683.93382423063	89482.9367038242	64214.19456051812
837	18.3	2.0	50580.103202396305	86918.025546388	66865.25746334031
833	18.3	1.0	49452.93261897788	92501.30113643948	70869.65401317863
832	18.3	0.75	48996.058846872234	92427.11479511597	67515.15910165348
839	18.3	2.5	54302.085053006966	96766.72914928634	71710.90470776903
849	18.4	2.5	52824.99173724785	103636.21561394808	68096.27400975637
845	18.4	1.5	49907.03305063838	70031.04867486756	52932.42457654116
846	18.4	1.75	51171.948057844675	82294.2110160456	65859.78476269344
847	18.4	2.0	51147.24325315007	80328.81549722025	61675.976228912295
848	18.4	2.25	52312.374387906675	91741.27213626503	64844.723431508515
844	18.4	1.25	49648.97829609806	91659.72756032716	62983.645627660815
842	18.4	0.75	48964.80562054298	79358.64244500748	59885.42228826595
843	18.4	1.0	48933.91787651885	76154.11185822396	58506.10335346206
840	18.4	0.25	48313.02513522609	86942.28636605083	63459.98003928724
841	18.4	0.5	48435.686985239496	86482.4503605649	64804.93528987041
858	18.5	2.25	52994.40736154873	64305.90282519394	56988.34212597818
859	18.5	2.5	51483.7026616301	64458.30459399249	55604.87344983276
856	18.5	1.75	58189.21216685666	104344.968339691	76048.86596400104
853	18.5	1.0	49728.74472669703	83273.77347993884	66351.23118253986
854	18.5	1.25	50499.414962604824	89584.20769060508	70510.45597564007
850	18.5	0.25	48170.18773034877	84171.5182425695	63969.89485100606
852	18.5	0.75	48956.125866279166	84100.2917539348	66038.68733223456
851	18.5	0.5	48424.48611298689	84053.38749523499	64236.613815361336
857	18.5	2.0	50564.92678462167	69918.87602375439	64727.3590517347
855	18.5	1.5	50418.36007490794	92104.43369739129	69019.0799053383
866	18.6	1.75	51361.48452993296	88602.65190481712	65461.03091362705
869	18.6	2.5	53100.432953651594	76440.3185807311	58471.06940145897
862	18.6	0.75	48912.78049454447	84568.18770320983	64209.21436260473
867	18.6	2.0	51299.36023660651	86969.58351752051	60717.20722756483
868	18.6	2.25	56720.17256930793	103815.71523700365	82918.52885910848
860	18.6	0.25	48510.14961204474	89053.26568724998	65150.3166910438
861	18.6	0.5	48472.83455270319	85791.32134584701	63629.43401328761
863	18.6	1.0	49459.61481872009	88684.38632910547	63544.386370615815
864	18.6	1.25	49691.89426522712	75501.35679603332	59307.04533564207
865	18.6	1.5	50392.040730692686	75443.47745212379	58369.32609334166
870	18.7	0.25	48348.25926520841	86576.80817674138	63441.328428674045
878	18.7	2.25	56795.58541844034	110615.86547556076	81173.31418665398
879	18.7	2.5	59031.35101358654	111938.48644557883	78138.1713118535
875	18.7	1.5	49755.278702941505	93018.40891215779	68119.04601044583
877	18.7	2.0	51238.356445515084	93360.52949996234	69077.72881357482
874	18.7	1.25	49763.71440514521	90864.26780190741	63991.28366893033
876	18.7	1.75	51295.78595355429	101664.80684085691	71508.05664431794
873	18.7	1.0	49489.822144019265	88800.72779820813	62977.42952109055
872	18.7	0.75	48812.182922051994	77176.14559288944	62281.350558385675
871	18.7	0.5	48489.19641582018	84307.21564498407	63882.18018363673
881	18.8	0.5	48882.43967715079	79950.18665626006	62210.14372575395
880	18.8	0.25	48266.74041660326	84879.41677500778	62551.40232304455
886	18.8	1.75	52093.386116350324	84455.11790790725	70634.2117778814
887	18.8	2.0	51065.139569651554	58109.66749668973	53855.55265530604
888	18.8	2.25	53348.72838263127	91121.26856606078	71858.02352698414
885	18.8	1.5	51437.6673198434	64907.00173778521	53320.78095421209
889	18.8	2.5	54095.85856992455	86589.83870918308	63752.50400544354
882	18.8	0.75	48818.354107061146	86842.81329428908	64163.29434440181
884	18.8	1.25	50176.5232427539	93761.08288673923	69247.87176778833
883	18.8	1.0	51776.8057106568	100117.79617107092	70016.30232633254
897	18.9	2.0	52911.73665236005	104056.71413221791	75557.49963564872
893	18.9	1.0	49374.46042560211	86298.78090548886	65018.07140537568
895	18.9	1.5	50626.14462863226	89751.90357575219	72912.70121787008
894	18.9	1.25	51547.15645766915	100119.46930279526	68758.68687851839
892	18.9	0.75	48509.68920637857	80740.53946497542	63141.95264083804
890	18.9	0.25	48394.860437326264	85897.63953955604	62461.43271198565
896	18.9	1.75	50947.027164648694	72769.03760038436	61710.68946064784
891	18.9	0.5	48892.37483546315	93452.67017761721	65812.7048520641
899	18.9	2.5	53557.76376660562	98944.22973351166	73574.24127555707
898	18.9	2.25	56492.72044849686	99339.57050375543	75439.7800812943
907	19.0	2.0	53589.41459700187	84257.81459785598	63146.487483755474
900	19.0	0.25	48631.37098635666	87410.59178662853	63292.38511885422
901	19.0	0.5	48551.45532381604	80420.65615533586	60595.380242883446
904	19.0	1.25	51996.65280365706	97054.23081050308	72726.13524845267
905	19.0	1.5	50472.230731093085	94291.68691887667	64615.80876365802
902	19.0	0.75	48970.965332919615	87915.14521267789	64218.11438579321
906	19.0	1.75	51385.0222253302	80360.71146996006	58894.971246871355
903	19.0	1.0	49199.33305715042	80518.89608434173	63728.326306173585
908	19.0	2.25	57274.172491422185	101589.92897129264	75900.40046118275
909	19.0	2.5	53054.45171447882	66523.22669702795	63801.80732476975
910	19.1	0.25	48484.76841842298	86817.39344266256	62519.14557168755
911	19.1	0.5	48666.663061832165	88543.09978439548	63289.3047494548
912	19.1	0.75	49616.61877206672	95617.79906466063	69378.80427777089
913	19.1	1.0	49709.31233716477	77517.6620641295	58675.06573309528
914	19.1	1.25	49986.71951624574	97788.42954708294	67027.15525740637
915	19.1	1.5	50601.817790194735	79839.6559849038	63938.43526539165
916	19.1	1.75	50992.1645319868	87372.0076163086	61393.86521143316
917	19.1	2.0	51850.67105967359	112066.2210707383	76968.38947415965
918	19.1	2.25	52008.38008705759	67000.1944036779	58598.153264599336
919	19.1	2.5	55122.59962718766	104135.62145233712	75043.53653977615
922	19.2	0.75	48849.72564978521	94713.09283718688	64118.892470158156
921	19.2	0.5	48686.26535572117	85121.31439573003	61540.49522941394
920	19.2	0.25	48514.755801684514	84701.36644381174	63295.081785671806
929	19.2	2.5	54565.5333553064	96114.01556738495	67856.16959605309
928	19.2	2.25	52932.54798643732	101763.03852727164	64139.66234765352
927	19.2	2.0	51599.959593530824	78869.77375089888	56780.556290825356
925	19.2	1.5	50258.779353132355	83343.87098160133	67212.36207289339
926	19.2	1.75	50517.40685083128	82828.1386947163	63091.484868049505
923	19.2	1.0	49439.09695057281	92901.86778331161	65278.30604186102
924	19.2	1.25	50744.44299406549	88565.65528548168	62101.591521589755
937	19.3	2.0	51089.49709535856	85871.92353144103	62511.93746007112
930	19.3	0.25	48396.64135033068	86921.07667199401	62998.64977011818
934	19.3	1.25	50245.99660002177	87205.18914897856	62487.29929210684
936	19.3	1.75	51899.1323710169	78948.95111375829	64478.85228633735
931	19.3	0.5	48889.99478644763	83001.54414666067	64431.190982551256
939	19.3	2.5	53787.0816197074	108094.59878113086	69267.2327642379
938	19.3	2.25	53062.50794718636	96498.09248641464	74997.38749135566
932	19.3	0.75	48968.399760500186	88281.36951464914	64136.06948066189
933	19.3	1.0	50329.76302987117	92861.87103589742	62693.45542446895
935	19.3	1.5	51525.087534518585	97335.33985858006	67178.48078309362
944	19.4	1.25	49227.6571564086	82361.13575158037	59079.993312336344
945	19.4	1.5	51000.43967381735	92518.833417407	64841.39363721813
943	19.4	1.0	49298.05575557238	85395.99458677755	64287.486323452016
946	19.4	1.75	51440.17995407514	99887.75572132709	71462.32175866091
942	19.4	0.75	49034.48325472138	84309.11858031657	64380.51575085597
941	19.4	0.5	48879.936340770844	85513.0448288237	64664.20760913676
949	19.4	2.5	55935.681218533166	128648.41753742893	83255.28280329584
940	19.4	0.25	48602.49348772465	90809.32130015953	63990.71213659161
948	19.4	2.25	51982.444361751725	97507.11432560752	68523.80624953096
947	19.4	2.0	52685.058296825075	99705.41648395729	74076.61093093322
954	19.5	1.25	50050.19333386045	88350.69709124463	62044.9055088556
958	19.5	2.25	53624.6983131192	85891.35240901723	66207.60934439395
951	19.5	0.5	49028.101447645466	85859.14277245715	63883.24014646243
953	19.5	1.0	49613.78381030798	79084.57551850552	57570.60332163661
957	19.5	2.0	53580.60757786943	83288.56046799508	58103.17633090279
955	19.5	1.5	49843.64971466117	91180.23360650694	70539.80828134627
959	19.5	2.5	53083.29501375623	108567.00356321543	75858.21340365404
956	19.5	1.75	52703.438860023096	99743.75935342874	69779.84476845626
950	19.5	0.25	48357.26240725823	88706.03510985676	63401.40218100681
952	19.5	0.75	49472.507802086875	86538.14301413152	60280.484268853186
965	19.6	1.5	50283.589504101205	101421.36284815829	66995.8092327745
962	19.6	0.75	49076.58206980894	88836.99354211833	63733.26177452387
967	19.6	2.0	53505.37009510452	89712.98704052629	70232.25642896122
969	19.6	2.5	55051.5837340968	101515.2101573653	74845.211877633
960	19.6	0.25	48302.85060741656	91334.175953476	63523.773633274206
961	19.6	0.5	49235.259635757	92415.24189810496	64311.95115383383
966	19.6	1.75	51933.360213211956	90980.44239951813	61347.588654393854
963	19.6	1.0	50112.33748717614	92980.84794462744	67759.79890687343
964	19.6	1.25	49684.12310934353	82113.96103731071	62186.180017110644
968	19.6	2.25	54265.551608074275	83930.13650100665	60344.62980014377
970	19.7	0.25	48716.6002827496	87138.63894636153	62850.94569578682
973	19.7	1.0	49700.91986818472	84127.0036730913	60941.44804377692
975	19.7	1.5	50252.479632936265	100938.79191941369	71582.82639555636
977	19.7	2.0	55565.444806594365	107305.00699720684	74985.1388439671
971	19.7	0.5	48577.50174534523	94131.8809369099	66884.9704793161
979	19.7	2.5	53619.42244498809	75065.48202783457	60728.09064756107
974	19.7	1.25	50142.38781607019	80368.58494114212	62170.93800025025
978	19.7	2.25	52626.60601124505	101845.95071025315	69098.254987173
976	19.7	1.75	51231.03793430734	94853.35768088556	66252.77340711877
972	19.7	0.75	49261.26889872367	88506.69472671137	64653.27459631238
983	19.8	1.0	50742.2220571408	86424.26290552554	61187.384805264344
984	19.8	1.25	49918.063983929285	92795.23811901853	62914.88231635659
985	19.8	1.5	52261.624660128866	99921.75595507183	69894.71645653892
981	19.8	0.5	48850.19411935681	90248.86176637157	63820.93340348696
986	19.8	1.75	51463.22622106645	94332.57822536344	69922.60371966587
987	19.8	2.0	52519.454181276174	60746.144069552414	55924.966908616734
980	19.8	0.25	48564.278202196874	88205.31013253896	62835.32877152248
982	19.8	0.75	49474.10870389635	93907.87545741003	64191.19486343665
988	19.8	2.25	52337.259388441846	88615.36541693954	62249.16202784814
989	19.8	2.5	53704.92690892728	98585.99829279563	75773.93046377736
999	19.9	2.5	53687.2129321683	69529.43012378979	62007.84472485897
998	19.9	2.25	52987.71461271312	91453.90694268238	70223.93224174164
995	19.9	1.5	51116.302819753226	81360.99391100736	57023.73915118559
996	19.9	1.75	52146.62739721969	84810.44236392796	60588.20458630364
997	19.9	2.0	53047.354145951635	75180.8767888579	62046.52383448818
994	19.9	1.25	49930.98225415124	81687.84688859587	60605.502119334866
991	19.9	0.5	48784.90357942841	89360.80718855227	62393.18966475472
992	19.9	0.75	49086.16346420218	92886.6546290346	64227.032013053824
993	19.9	1.0	49160.82638221665	84933.63827614137	61765.97765870411
990	19.9	0.25	48532.70804724425	88216.63300124572	63789.46331997334
1000	20.0	0.25	48551.37461428835	90260.78511077171	63804.35438596916
1001	20.0	0.5	48730.409760104674	90883.13012883494	62771.912977143984
1006	20.0	1.75	51781.39651145109	101579.535726903	71586.97675642112
1007	20.0	2.0	52651.80284557027	87006.11082977179	72500.32410336015
1005	20.0	1.5	50578.73349559517	84402.42609619789	60053.378433441765
1004	20.0	1.25	49786.083964898964	96751.50360279677	68012.70410425641
1002	20.0	0.75	49357.045880703445	94075.00515914228	62488.97777334446
1003	20.0	1.0	50634.88535899132	97754.7528477243	70094.41553110017
1008	20.0	2.25	52439.60525964259	81589.54226853482	70073.49218521063
1009	20.0	2.5	54058.55727719512	99637.53985928671	72115.93680402602
1018	20.1	2.25	53135.454870264664	100213.17984966107	65768.8875847178
1019	20.1	2.5	54831.946990641154	79857.84719450718	67847.00272149616
1013	20.1	1.0	50213.19413451921	86003.32612945439	62052.862385895685
1012	20.1	0.75	49543.34473432138	95590.02909268376	65550.67028236951
1014	20.1	1.25	51929.91919866921	99434.95396085098	73364.53992479955
1015	20.1	1.5	51952.138322180734	106340.78330788019	70675.89526146033
1010	20.1	0.25	48588.10251977484	90982.30276367623	62041.92673878155
1011	20.1	0.5	48674.049343412036	85597.50458081556	62124.48773634394
1016	20.1	1.75	51201.72174937232	88269.49984174348	62779.56848921958
1017	20.1	2.0	53378.5444284117	93661.8138021572	62357.88219639657
1024	20.2	1.25	50778.34018668628	84557.10476417959	59713.4774722916
1025	20.2	1.5	50970.78286492356	77905.07999696238	56683.042792332926
1029	20.2	2.5	54269.62008334491	105458.3157568031	69167.81342758158
1028	20.2	2.25	55805.33497792622	103274.30019179161	66478.33545496802
1023	20.2	1.0	50275.22912010089	85275.9383737955	60459.434783782766
1022	20.2	0.75	49041.884226139315	95227.7032046966	64982.1862242569
1021	20.2	0.5	49744.929635062756	87178.39348441269	63434.401523983244
1020	20.2	0.25	48778.9238358344	92761.73160504251	64243.188487413245
1026	20.2	1.75	52015.515949559274	77511.960550219	59623.18932155552
1027	20.2	2.0	52978.561137449506	76552.05948178687	59681.37622731098
1031	20.3	0.5	48537.26682241686	91049.22188137058	62179.65477956617
1030	20.3	0.25	48825.9951690946	92564.06230399037	64260.06650689091
1032	20.3	0.75	49144.856037004436	89421.05676301432	62165.22480273459
1033	20.3	1.0	49604.117304614025	89125.05477018816	62854.84113947418
1037	20.3	2.0	52431.01472436534	94935.03204608313	68962.8400142326
1036	20.3	1.75	52567.51737802399	94868.33420824292	65101.43576434424
1039	20.3	2.5	55614.50046034957	82485.23579455735	66695.98627973856
1038	20.3	2.25	60719.97842212252	114978.68752339849	83857.13089454471
1034	20.3	1.25	51108.22278386296	103975.25849119516	72659.39347196696
1035	20.3	1.5	50449.84301713144	105850.19054141681	70181.6726068199
1044	20.4	1.25	49886.855512197544	83233.31970671607	65896.16013883882
1045	20.4	1.5	53589.008309162804	109745.53141763886	75880.01162695493
1046	20.4	1.75	52027.08967238757	102842.96789857965	67400.3272775396
1047	20.4	2.0	65100.59141304935	115426.35053670661	89153.2928988504
1040	20.4	0.25	49038.273943031476	93590.57853315325	62911.21503291719
1041	20.4	0.5	48869.03680355292	91815.63818845802	63807.64958223442
1049	20.4	2.5	59869.32645297116	113307.67324077446	75590.17134148898
1048	20.4	2.25	54019.80006520112	93723.26600355991	71640.41345987764
1043	20.4	1.0	50840.88179555065	103633.16413144754	70056.65829618697
1042	20.4	0.75	49060.27423541422	95946.92539761946	68087.25502055281
1054	20.5	1.25	52231.93305618473	96086.6921406087	64565.327918816525
1055	20.5	1.5	51085.745402285924	104160.72154759905	69524.43634223755
1056	20.5	1.75	52429.10813005015	97229.25222090252	64784.63861153699
1057	20.5	2.0	52632.956051068926	96100.74493702393	64599.08555929876
1058	20.5	2.25	61317.03461999496	117158.66098053425	88650.05401113376
1059	20.5	2.5	56375.29107305472	111213.44033114551	79662.65115733272
1053	20.5	1.0	50195.74827655104	94400.03417278733	63931.538926969784
1052	20.5	0.75	49801.417451966976	90188.57234065092	63564.74739979235
1050	20.5	0.25	48833.19257124224	90853.37644975772	62255.43645969861
1051	20.5	0.5	49075.41665282485	86941.33468136897	62347.52703229626
1064	20.6	1.25	49623.54891376719	91930.39558866234	62030.907221191446
1065	20.6	1.5	51965.27102997103	79351.38493625096	59837.694555275186
1060	20.6	0.25	48809.39190053887	95079.95420850014	63430.43141194553
1061	20.6	0.5	48637.093288298456	87165.30816629082	64594.44935646071
1063	20.6	1.0	49722.59558727748	104011.52033420312	64354.393963442315
1062	20.6	0.75	49429.48194871838	97512.46066341881	63288.71472192912
1068	20.6	2.25	54454.77389701116	102042.57649830928	76636.87363635153
1069	20.6	2.5	53532.23427337033	89300.80360821354	67204.50329314405
1066	20.6	1.75	53943.690168912915	111108.83149372853	74606.46620115398
1067	20.6	2.0	52520.022578327975	96808.90059910716	76598.06344310787
1077	20.7	2.0	51872.00167804035	94754.93062415947	72185.93053892009
1076	20.7	1.75	52573.14863228577	86417.64539733845	63658.70825874761
1072	20.7	0.75	49823.791082766766	92099.60034465251	64362.3248667171
1073	20.7	1.0	49963.778061078185	90452.29190504823	61613.154463822444
1075	20.7	1.5	49802.70009066995	75700.27631279876	54875.03301110999
1074	20.7	1.25	51038.03413175736	99725.44887242859	64568.98379418733
1070	20.7	0.25	48911.659124125144	93739.1951880587	63883.09478411853
1071	20.7	0.5	49353.37913523944	90874.55051615421	65427.716248296856
1078	20.7	2.25	52979.15010808211	78379.03887740945	65586.64050874447
1079	20.7	2.5	55213.29002647308	69553.48434104101	56992.29639930314
1080	20.8	0.25	48578.162813586496	93775.12815390665	64170.24230405567
1081	20.8	0.5	49489.91763515156	96763.71584677104	62665.02577583888
1084	20.8	1.25	50267.20527305635	86442.66653143358	64515.016821625955
1085	20.8	1.5	50263.37061864174	95474.80737935213	68042.02763427532
1087	20.8	2.0	53658.50014081992	108125.18148411388	72921.71791888149
1086	20.8	1.75	52580.424697454684	103212.68775788484	69692.1886045781
1089	20.8	2.5	53635.8357662809	95559.57055572051	68782.82207284676
1088	20.8	2.25	53228.22463200469	109199.52980138251	81276.06087813663
1082	20.8	0.75	49480.66644335703	90831.20672002745	63794.2535870316
1083	20.8	1.0	49598.665173543806	86099.91643551776	62527.66086122719
1092	20.9	0.75	50040.866436020304	107521.77827424368	70292.49218743278
1093	20.9	1.0	52280.06091800744	108281.10093997985	71303.2867116853
1096	20.9	1.75	52796.92563661609	99146.54433100657	76487.65803887554
1097	20.9	2.0	52125.34400891504	98005.21747416885	68562.7069452418
1094	20.9	1.25	50496.91694182537	103531.1211740905	68814.45065624527
1095	20.9	1.5	50110.23924947004	92046.47552628913	66268.87600237154
1090	20.9	0.25	48988.137721726336	94740.87333038292	63773.28292933059
1091	20.9	0.5	48835.23188423314	92508.67498519484	64244.60140773212
1098	20.9	2.25	53729.28439677766	91186.58190478204	72038.13427562425
1099	20.9	2.5	54299.533221175254	79169.63168979356	66447.31056003059
1104	21.0	1.25	50714.05848003434	98410.47611526884	66665.0143349716
1105	21.0	1.5	52107.58600384255	109506.15156670994	70182.0048734117
1109	21.0	2.5	54670.934377104946	74672.19892278643	62654.07836498454
1108	21.0	2.25	53609.199880007014	92864.07300050471	70195.86105615048
1103	21.0	1.0	50209.88939201069	96734.7329643639	63508.37891895593
1102	21.0	0.75	49877.09964569297	105286.00425642103	67539.60626214274
1101	21.0	0.5	48810.08040733813	95775.63241025321	62903.46483748918
1100	21.0	0.25	49035.52707958706	99078.296201581	65424.94441708562
1106	21.0	1.75	52687.05333567927	97396.07992982861	65498.93378394432
1107	21.0	2.0	51515.554105181196	95797.02104394122	67545.03703117945
1111	21.1	0.5	49213.69888863718	97140.30769156927	64885.23228062147
1110	21.1	0.25	49153.1870045579	97322.17789291698	63053.00602501139
1112	21.1	0.75	49721.39961584109	102822.43049634219	64634.79226430239
1113	21.1	1.0	50330.33899215116	105613.96315464909	68299.23357765767
1117	21.1	2.0	54740.46511253893	93876.99946666147	68987.2992943872
1116	21.1	1.75	51699.65438410599	96462.19425890569	75416.73822749149
1119	21.1	2.5	58142.56624127924	132511.479523514	84307.21433469828
1118	21.1	2.25	55991.75352467489	112328.47681698311	79606.8247923343
1114	21.1	1.25	51084.35751269145	98434.25210670476	68270.35307054383
1115	21.1	1.5	51412.48267824966	95970.76162905486	68589.65903753713
1124	21.2	1.25	50083.4012016483	94801.5891835562	65279.535318840455
1125	21.2	1.5	50114.13746452937	94891.58891398624	67713.17147955975
1126	21.2	1.75	52211.10879223195	93131.87617566664	63399.53699591793
1127	21.2	2.0	54513.05055871734	86439.20451701013	71921.44377264215
1120	21.2	0.25	49328.49981782509	95164.05976041441	64177.492917368385
1121	21.2	0.5	49392.35159918909	102272.24327445295	64944.99585598333
1129	21.2	2.5	54435.631573135586	107298.27008944446	75361.56957743835
1128	21.2	2.25	53986.794622863614	102839.3237027872	65825.10470224949
1122	21.2	0.75	50108.954097099195	102819.98657149562	67245.70708874507
1123	21.2	1.0	50231.61078299989	93571.3239854256	65045.66635030409
1131	21.3	0.5	49585.23864323873	98599.67677903034	64941.32511308697
1130	21.3	0.25	48983.57544302971	98236.34915205697	63974.98855867223
1135	21.3	1.5	50511.74204235534	99539.50049293104	67714.14571811358
1134	21.3	1.25	51580.08443350587	90807.08814305383	66378.08330800969
1137	21.3	2.0	53566.19875361041	91192.64774891443	64285.15636537329
1136	21.3	1.75	51727.43506466341	99573.75309460687	67210.93569092068
1139	21.3	2.5	58761.18607140178	110290.11505561741	76976.97941481949
1138	21.3	2.25	58211.90850609903	100441.50961786733	76720.59279931728
1132	21.3	0.75	49265.523727261796	103854.12041250055	69069.45988358399
1133	21.3	1.0	50493.716961651306	99454.12355413439	65509.30757288686
1141	21.4	0.5	49312.445665023224	101141.93152518859	63508.73095989903
1140	21.4	0.25	49283.82529742481	98476.1826103854	65071.30620510858
1145	21.4	1.5	51708.72780512209	101106.30587336875	72005.30920672919
1144	21.4	1.25	50871.35173532428	100020.67807272804	67676.23980135276
1143	21.4	1.0	50996.643329155595	96499.6450239254	67652.73762358553
1142	21.4	0.75	49460.815257672744	95167.99894823963	65071.62704687789
1148	21.4	2.25	55828.13048533514	83622.76464027785	63547.492532530814
1149	21.4	2.5	54259.80761635334	91103.90813197922	69184.23215933613
1146	21.4	1.75	52781.65801665749	105707.92215406499	67823.88652242802
1147	21.4	2.0	53609.50904660916	70377.74783027684	57298.14967537662
1157	21.5	2.0	52577.83673206871	93540.89007722195	68047.22487232675
1156	21.5	1.75	52858.04247441579	98423.75656426832	72162.98268633425
1152	21.5	0.75	49554.505394762964	100535.72980872398	64109.145325845886
1153	21.5	1.0	50055.96589930794	91315.67677406756	66222.34453179463
1155	21.5	1.5	51825.449826895376	104299.04693905894	70001.87152689749
1154	21.5	1.25	51366.66415425824	94069.27761395389	66149.84829578121
1150	21.5	0.25	49238.09885426776	101448.21912258877	65329.244324338404
1151	21.5	0.5	49647.57281325042	102514.34141655566	65656.69907839656
1158	21.5	2.25	54282.88555614033	106354.61165332637	67056.37362848004
1159	21.5	2.5	53344.31701550432	96153.81275162933	69936.14413382031
1160	21.6	0.25	49003.32609760938	98412.23617181719	65159.42300405327
1161	21.6	0.5	49114.10611643654	94259.87047046621	64022.002496789886
1164	21.6	1.25	50641.333460212234	99326.33448334818	73856.51959238687
1165	21.6	1.5	52107.532755959604	96495.3081075691	67351.50271927497
1167	21.6	2.0	52794.51394143952	106592.67544514075	70347.87148853329
1166	21.6	1.75	53348.61264914178	108688.95836212022	72108.78545533672
1169	21.6	2.5	54620.90349713701	91866.68804550047	70737.093795171
1168	21.6	2.25	55916.41706661074	95001.6754219566	70007.91394472675
1162	21.6	0.75	49302.79908780391	100352.70328889739	62640.43382109271
1163	21.6	1.0	50428.088529007255	105531.87791902004	66243.89111811083
1172	21.7	0.75	49795.36756296476	93905.73997008438	65243.41343442939
1173	21.7	1.0	50356.307822153096	101449.06322846559	65165.3837312733
1176	21.7	1.75	53483.45998147913	100455.42495360273	63482.767888043105
1177	21.7	2.0	53205.83121722972	91538.58941261964	64136.916559660174
1174	21.7	1.25	52268.01448249424	108908.89032114223	74467.07218627963
1175	21.7	1.5	51802.3000499336	116134.98763512203	71013.52873776403
1170	21.7	0.25	49156.87461225348	100262.09117789283	64888.36672003103
1171	21.7	0.5	49771.964946125576	103048.83319403595	66302.10261891686
1178	21.7	2.25	55418.35151930612	100073.78486855065	72103.25810682248
1179	21.7	2.5	54836.557147717904	109759.4185237793	75977.19905486538
1184	21.8	1.25	50479.329198902975	103463.04528695073	68880.71829409053
1185	21.8	1.5	53383.00458071944	100972.1825174271	68252.8646115877
1189	21.8	2.5	56807.7807238658	97313.33641015535	71460.97981615714
1188	21.8	2.25	53169.24962698566	84356.78106622661	64857.46242949271
1183	21.8	1.0	50391.83721839297	103663.14102869733	68214.31883722656
1182	21.8	0.75	50446.517481513554	103687.52132209252	67198.81545244389
1181	21.8	0.5	49843.63367506833	104178.73542852594	65987.02775087663
1180	21.8	0.25	49265.99396417171	101581.72180368986	64908.0464741807
1186	21.8	1.75	53419.08070398815	104112.88715359062	71099.26712332953
1187	21.8	2.0	53785.762759235	100617.2742985937	70996.6063214165
1191	21.9	0.5	48930.382688210186	102271.21675137007	64564.788504486925
1190	21.9	0.25	49246.12747639145	100004.39727398493	65734.28948093364
1195	21.9	1.5	51163.32892927989	99076.81727124385	66586.42616645632
1194	21.9	1.25	51151.33074287228	101998.55606668782	65451.54163990712
1198	21.9	2.25	53305.46657736419	116106.48610568303	73794.07624970238
1199	21.9	2.5	55974.55355243354	103730.1800652883	67857.48949307017
1196	21.9	1.75	52994.72930798585	93477.2163074795	62058.3401571671
1197	21.9	2.0	52696.64505455181	92185.09843202055	63749.69250487569
1193	21.9	1.0	51009.623660919446	98235.90414360378	70708.95110996882
1192	21.9	0.75	50072.688305131414	105353.96422882378	67071.07125399375
1208	22.0	2.25	53492.184254956584	100192.58646592635	65979.77114258111
1209	22.0	2.5	53266.531976784136	114293.74162827678	73602.10292087347
1201	22.0	0.5	49789.829353144305	102436.59574202109	64448.54803186305
1200	22.0	0.25	49579.63521030561	96174.27504679849	67557.51924021437
1207	22.0	2.0	54530.37488088349	111905.03825235507	70443.00688109195
1206	22.0	1.75	53681.02799513963	91503.95202414319	72645.59816479438
1205	22.0	1.5	50678.66370712286	111754.68198057331	69961.34590711862
1204	22.0	1.25	52084.28049348118	109203.63360881142	69925.75946557234
1203	22.0	1.0	51342.45883907744	103271.77406567338	66936.37230945058
1202	22.0	0.75	50609.25215080451	102566.21945402428	68786.52620016626
1214	22.1	1.25	50759.29346056479	101079.05879233961	72088.489291572
1215	22.1	1.5	51521.53528976463	112597.7437026434	71673.37206615007
1216	22.1	1.75	53499.91552868211	100671.74843553285	69420.18931638349
1217	22.1	2.0	53700.14021201654	102202.38687147161	68291.86351966536
1218	22.1	2.25	55246.51227182156	93590.90471617552	66823.05005939506
1219	22.1	2.5	55881.445344563595	100434.35750321277	62878.10588616614
1213	22.1	1.0	49869.85188456098	100639.39824957919	68575.7321733143
1212	22.1	0.75	49608.42286009218	110204.23781504181	68389.89698935894
1210	22.1	0.25	49307.550253026566	101838.63840889453	67239.54031064073
1211	22.1	0.5	50142.17242536204	103484.93027807711	68115.24678026042
1224	22.2	1.25	50975.27705009491	106876.88583528201	70254.44479820874
1225	22.2	1.5	53183.71623612067	113290.72065865195	77297.89413920138
1220	22.2	0.25	49623.81945507183	103623.30427267632	66662.55585200773
1221	22.2	0.5	49727.48794391263	99851.95250960828	65997.61638791446
1226	22.2	1.75	52675.24194395598	93584.72177249995	67336.70394248364
1227	22.2	2.0	52915.926472239145	93459.90887163652	64457.69479921241
1222	22.2	0.75	50441.00099079261	98016.94244460962	65224.09841808264
1223	22.2	1.0	50323.73610079462	108041.57574771972	70194.7011835283
1229	22.2	2.5	57570.09238330625	132333.98619049962	82962.78953655172
1228	22.2	2.25	65468.79777343694	135621.04690779708	84811.00940137159
1231	22.3	0.5	49756.29065687894	105284.06574281961	66048.21641322067
1230	22.3	0.25	50156.07590429617	103225.86756424542	68274.15105395667
1239	22.3	2.5	55881.229581336695	115595.49367141853	70704.33268602168
1238	22.3	2.25	55043.81308158517	96881.3531705276	69593.04105751573
1236	22.3	1.75	52338.67001149473	107327.5612801127	65121.4746633399
1237	22.3	2.0	52630.26312894134	115914.74299065792	72656.16289545393
1234	22.3	1.25	52020.443798381246	92907.1944682296	64242.69541501086
1235	22.3	1.5	51449.411301703636	107387.20062021552	67954.65791066813
1233	22.3	1.0	49749.09546942142	100875.55460294768	66843.95296084548
1232	22.3	0.75	49786.15117392869	106152.59443578446	65629.63988215722
1240	22.4	0.25	49846.360005594426	104061.9266403407	67369.56310611343
1241	22.4	0.5	50277.27991659705	104981.13810786583	65994.37837864687
1249	22.4	2.5	54436.32758304172	97649.39054033686	70245.76732425383
1248	22.4	2.25	53284.19790655266	97961.7245197371	70616.46122808405
1247	22.4	2.0	57705.86073889789	122246.0001245481	73869.11936251547
1246	22.4	1.75	52209.957959102	96230.00740956469	69308.42633759661
1245	22.4	1.5	51407.96133684446	91752.33209297914	67613.68535092348
1244	22.4	1.25	51538.84738498013	111448.97385940082	70207.92061728839
1242	22.4	0.75	50315.666610326734	97765.9259823497	66013.88311131974
1243	22.4	1.0	51187.11362740057	106850.40966656602	70885.44516921467
1250	22.5	0.25	50020.5113150326	105860.76995891695	68748.65704148193
1251	22.5	0.5	50189.48876194628	103629.41671993316	68868.46810985498
1252	22.5	0.75	50427.699888991694	101017.25963784585	71230.44417879205
1253	22.5	1.0	49651.48521445575	102363.99027303993	65899.12732052356
1254	22.5	1.25	51890.07706026701	107077.3525948949	69548.14426843962
1255	22.5	1.5	53277.991891880185	104700.33397979183	72799.89509892653
1256	22.5	1.75	53728.761757061584	98815.61313609812	73804.77114982046
1257	22.5	2.0	53129.71087411237	101128.37717533323	71530.15466910129
1258	22.5	2.25	58867.122321404415	108928.60806680976	74461.72241805242
1259	22.5	2.5	64634.80043359767	122471.57003727341	80080.52357168948
1260	22.6	0.25	49868.19255476672	105291.2184500713	67983.30236210837
1261	22.6	0.5	50260.088290383836	105030.8795413139	68620.39133302278
1262	22.6	0.75	50817.89070967278	106708.59874153946	70309.31088508724
1263	22.6	1.0	50933.08073340166	105724.0701165291	66882.28071768573
1264	22.6	1.25	52427.235731356086	96136.24917666268	67876.6254829283
1265	22.6	1.5	51262.212088664455	104023.45001682517	67833.25773532726
1266	22.6	1.75	51953.36154529633	102076.1920641285	69139.93041734885
1267	22.6	2.0	54502.66704457173	109518.61026258089	69874.46487061096
1268	22.6	2.25	65992.40019572648	126646.96385003724	84261.54606211619
1269	22.6	2.5	56061.4269834498	117574.30899627082	74433.92236527022
1270	22.7	0.25	50363.21161738286	107460.03379634157	69076.31633777232
1271	22.7	0.5	50209.110375816854	106914.0851874202	67201.5530186541
1272	22.7	0.75	50417.16904154201	107911.22683820646	69935.57969673934
1273	22.7	1.0	51108.405185659765	106655.0454395189	72733.14287104405
1274	22.7	1.25	51827.52242992233	111891.11727920537	73435.5249092214
1275	22.7	1.5	52401.12669123328	94104.61597575925	65900.61590004197
1276	22.7	1.75	52825.70603738174	114223.48281422096	74547.08095636139
1277	22.7	2.0	52557.48070022131	115389.95091355499	82250.14535965584
1278	22.7	2.25	56967.2038732816	133343.60410319708	80273.90994010061
1279	22.7	2.5	58280.345087815134	106547.60259218606	73776.74264687975
1280	22.8	0.25	50424.96109466512	108394.2901736351	70328.17845474629
1281	22.8	0.5	49949.643083007686	105515.78763418109	66942.58904623914
1282	22.8	0.75	50459.82489939364	101170.29167548147	67451.12232273293
1283	22.8	1.0	51046.81582859798	106853.5973519612	69971.91476125894
1284	22.8	1.25	51167.71147722284	101954.23659744603	68127.83106680891
1285	22.8	1.5	52248.31320025871	104643.74683583679	70264.97733555447
1286	22.8	1.75	52915.379223446704	117971.34381629236	72810.71633996586
1287	22.8	2.0	55382.66398007512	108376.39043305282	72497.73949479447
1288	22.8	2.25	55259.481910221664	115675.70780978676	70171.0578129193
1289	22.8	2.5	59079.459687116454	130586.32107624329	84925.25862527124
1290	22.9	0.25	50257.35956500091	106236.50901372547	70279.55907379274
1291	22.9	0.5	51025.80394104292	110181.3858594032	72444.90095117762
1292	22.9	0.75	50143.89451442811	106068.50242151966	68727.01344742483
1293	22.9	1.0	51188.7190152717	107374.59098772514	69504.53446098922
1294	22.9	1.25	52914.26852546254	114196.96137168749	71029.6282909606
1295	22.9	1.5	57125.22651904626	122684.98008115114	80225.49428005627
1296	22.9	1.75	53436.662854560265	99221.96417146143	63831.76484420865
1297	22.9	2.0	54135.72260677362	101971.3369817652	66746.12193516405
1298	22.9	2.25	53149.59003169663	115234.32896040002	74450.4824836611
1299	22.9	2.5	57883.95643886616	127642.74476564227	77502.79646368136
1300	23.0	0.25	50523.115678144786	107228.8143557992	70177.03250085043
1301	23.0	0.5	50210.2427707136	106383.07313281661	69034.69467646029
1302	23.0	0.75	50800.09736057974	111026.23342003825	70914.40901051619
1303	23.0	1.0	51243.156763295716	108728.95393171362	69710.02586810876
1304	23.0	1.25	51078.21540369752	106928.90224124624	71291.82226541331
1305	23.0	1.5	52401.837813837206	88937.95318301767	66535.55284165338
1306	23.0	1.75	52675.13167249215	119867.81925547135	72896.0695053407
1307	23.0	2.0	53422.19114802305	107351.1973207897	71373.96323776986
1308	23.0	2.25	54823.31127200978	128023.15174607841	84934.03783778074
1309	23.0	2.5	56451.80570823995	115383.0847406806	73439.65880870754
1310	23.1	0.25	50280.76014485783	106423.43122997449	70586.30532412397
1311	23.1	0.5	50531.13349749799	106279.7115526249	68936.5352266035
1312	23.1	0.75	50908.25128035371	107766.66051349534	70859.10851235209
1313	23.1	1.0	52769.11937814828	114630.10689286326	73179.63258216798
1314	23.1	1.25	51801.72357360274	109202.9725657577	71527.2548298824
1315	23.1	1.5	52048.52984759412	99945.5889342684	70814.8009859484
1316	23.1	1.75	52601.165957283636	105913.55478719964	66564.2767749242
1317	23.1	2.0	53424.99576929402	98534.17926072468	66004.39795847537
1318	23.1	2.25	60107.41750825268	121008.88598601069	83311.53690447887
1319	23.1	2.5	54368.58186344733	118295.82844578275	81742.81416384819
1320	23.2	0.25	50494.58650283066	111153.07779065157	70611.61381440065
1321	23.2	0.5	50140.15205476917	106874.87672314866	70649.44917627714
1322	23.2	0.75	51334.74399650865	114579.05551899632	74708.02653512353
1323	23.2	1.0	50832.22383635606	117764.89397717443	73412.07313107543
1324	23.2	1.25	51600.77887765721	116317.1580427999	66866.81304904458
1325	23.2	1.5	52856.432770874395	114610.68010778427	77349.53929095359
1326	23.2	1.75	53570.92734656389	106052.13010205387	73719.0266766071
1327	23.2	2.0	54505.2710503578	114995.68052917937	73918.15561481412
1328	23.2	2.25	56891.8047020758	101191.64756670201	71198.5270096348
1329	23.2	2.5	58041.04146930558	113751.53838119004	72271.90674728912
1330	23.3	0.25	50448.550544931364	112218.91061594897	70476.86041707182
1331	23.3	0.5	50601.445265915565	115075.22369741132	72345.36780383019
1332	23.3	0.75	50471.45924029836	108330.61567010824	69605.2598926088
1333	23.3	1.0	50585.77787550482	104758.6568744515	69663.54783282522
1334	23.3	1.25	52371.877797031644	107037.08837607979	72318.92956213639
1335	23.3	1.5	52441.62370150138	107553.64374555621	73199.75371488009
1336	23.3	1.75	54744.3322364712	106238.18825734171	72418.72923350919
1337	23.3	2.0	54104.635226035745	114197.11445919533	71885.61915830549
1338	23.3	2.25	54765.77813332637	120349.06757071863	74402.48740216698
1339	23.3	2.5	56168.332143071224	105026.33324374077	75942.4604188689
1340	23.4	0.25	50485.100739415786	112282.75845851695	71154.75753378744
1341	23.4	0.5	50761.62082342804	111801.7358452526	70859.67575335766
1342	23.4	0.75	51005.43735359002	116026.30889667236	74279.67730951156
1343	23.4	1.0	50781.763218407585	112543.54017057444	71749.72261467972
1344	23.4	1.25	52762.239134602336	108676.29593705738	74327.68858639932
1345	23.4	1.5	51803.090448236064	105330.03340779508	70701.2648429778
1346	23.4	1.75	52812.41246818487	112528.65532016905	73379.48778624578
1347	23.4	2.0	55232.44960621001	108165.03589207518	71587.10483857505
1348	23.4	2.25	53840.77403289625	100065.66942750214	69666.53239175951
1349	23.4	2.5	57724.2275557922	122214.64747276496	81298.5298827013
1350	23.5	0.25	50493.34247079071	112768.74600214134	71482.27583564761
1351	23.5	0.5	51206.65957646852	114922.2440410428	71496.52704384904
1352	23.5	0.75	50672.67783379579	107909.9335076106	67490.82097077859
1353	23.5	1.0	50976.225204861876	106682.72531094517	67431.7746739745
1354	23.5	1.25	52342.766268133935	115873.23401553452	74695.58159618414
1355	23.5	1.5	52096.70642767339	107106.85922506222	68185.21702283486
1356	23.5	1.75	53820.42081805876	116397.91441089437	76029.32914994413
1357	23.5	2.0	53849.329847361514	122230.43616701773	79230.12322716932
1358	23.5	2.25	53612.81039486511	103506.91713250418	65042.579031609064
1359	23.5	2.5	60550.27922063689	140306.02477907823	84618.12384304972
1360	23.6	0.25	50890.822496698325	115534.86149750634	72317.03955688752
1361	23.6	0.5	50787.16606852627	115352.62134096414	74341.01904040988
1362	23.6	0.75	50978.30701930412	112466.47325094741	69141.13426382207
1363	23.6	1.0	50957.84483463871	109129.45450048373	73098.59503628468
1364	23.6	1.25	51905.08824000916	113482.47994164044	73426.50098866728
1365	23.6	1.5	52052.94369234237	102729.85306028396	75587.84650637237
1366	23.6	1.75	53957.70633374886	106969.40651420986	73416.99294961132
1367	23.6	2.0	53623.30816286696	111376.17025376587	75287.57536635593
1368	23.6	2.25	54169.69311033678	101563.36644957472	73774.17726246096
1369	23.6	2.5	57473.01232806924	126186.47333663556	87255.5815312311
1370	23.7	0.25	50181.6543582385	112065.40658151006	72055.26971572431
1371	23.7	0.5	50557.08212906516	114324.31625472372	73148.61323144108
1372	23.7	0.75	51177.44594311761	117848.31994406384	73170.02488687697
1373	23.7	1.0	51561.88473608767	116444.76538578531	73022.70249679212
1374	23.7	1.25	51743.02150079883	106053.53155506469	71735.93311876208
1375	23.7	1.5	53273.14974860564	113748.38952939301	80166.90334054225
1376	23.7	1.75	53399.91740706091	106826.1534851631	68712.50299833783
1377	23.7	2.0	52987.77372328245	119410.99461436433	72786.36029252595
1378	23.7	2.25	55101.575401165646	127154.16407650146	79792.05727222892
1379	23.7	2.5	57368.326413998664	110766.17787894516	70887.78221879156
1380	23.8	0.25	50605.731808624114	117612.86188658938	72866.83186264128
1381	23.8	0.5	51398.608582937886	115134.08013543814	73022.84212540771
1382	23.8	0.75	51258.605143336674	113932.62551951011	73293.9974579809
1383	23.8	1.0	51378.562224452864	113426.87532659886	72799.48086702573
1384	23.8	1.25	51349.145991339275	105077.01332357171	68926.93203940112
1385	23.8	1.5	53416.000055426	124355.2713928475	83189.72401169792
1386	23.8	1.75	52954.59888528059	114526.79289550368	78002.82730012859
1387	23.8	2.0	54955.778325057974	101398.4511313808	69067.53756689788
1388	23.8	2.25	56849.59684818575	116544.8414639987	72185.0380217741
1389	23.8	2.5	60983.00435111315	147225.6322619198	94752.54055087887
1390	23.9	0.25	50590.13155841989	116118.07387094854	72200.64548429463
1391	23.9	0.5	50970.406839769406	117799.0977956343	73434.82328978706
1392	23.9	0.75	50078.20158781547	119421.40493636542	74031.4667899506
1393	23.9	1.0	52398.31382649735	119553.91524651932	78486.44988703918
1394	23.9	1.25	51136.97132758989	121083.82541521334	78510.41456864943
1395	23.9	1.5	52924.84201986855	129413.90320807086	79548.64055883324
1396	23.9	1.75	52754.159277935214	113561.84679002488	75565.24775878589
1397	23.9	2.0	55044.904474294366	124389.01699292175	81987.7591828823
1398	23.9	2.25	54287.34554832927	104139.96406947945	69818.01108130271
1399	23.9	2.5	57075.0839289289	121806.97095691251	78858.15761237504
1400	24.0	0.25	50838.966382898136	116827.4195674065	71942.88474800717
1401	24.0	0.5	51105.71942351785	119118.0582754294	75726.5648563768
1402	24.0	0.75	50436.95739141552	111580.93116698627	71601.24590392172
1403	24.0	1.0	50955.38220078411	111011.4964279997	71596.60358311856
1404	24.0	1.25	53416.28589711105	118599.56063161208	73981.18653378001
1405	24.0	1.5	52288.93010058921	117198.30386982363	77411.44675830496
1406	24.0	1.75	53353.81101199643	106522.13702976778	71440.17639459431
1407	24.0	2.0	55315.11507937385	122530.3998814309	80070.27006239683
1408	24.0	2.25	55475.432964338404	109991.20358393058	73480.05055425846
1409	24.0	2.5	56429.21564248589	114711.54158327907	77144.50625326643
1410	24.1	0.25	50544.98521684688	118000.03648658324	73790.45249533698
1411	24.1	0.5	50615.20535954679	119352.73056856715	74791.88387179714
1412	24.1	0.75	51532.30800305056	112513.44084527799	69647.7225477608
1413	24.1	1.0	51308.28447598271	117727.42370859292	76275.8536707953
1414	24.1	1.25	52637.56987214283	117765.0059398444	73816.52427138225
1415	24.1	1.5	52977.62377086211	112644.77116594135	73476.49025999202
1416	24.1	1.75	53067.97506585411	113104.26637037811	76838.33888681782
1417	24.1	2.0	54759.05356168571	127930.57494474405	80060.58815408219
1418	24.1	2.25	55206.07359445339	117406.69068118313	68712.36730965492
1419	24.1	2.5	55235.30385156309	113898.15680183707	74789.97941956212
1420	24.2	0.25	50553.900456089155	117842.93627254563	74339.38471385743
1421	24.2	0.5	50960.793562064355	116354.70649651934	71699.73478919965
1422	24.2	0.75	50139.176712194865	114983.04886790796	70370.61825834302
1423	24.2	1.0	51003.078757959585	113497.13503180661	74890.62952116891
1424	24.2	1.25	51874.20850696043	118853.01285579403	74386.05326267019
1425	24.2	1.5	53251.87342948048	112653.6844133332	71068.82508384832
1426	24.2	1.75	53489.021825320815	120960.6019784787	76864.20937657639
1427	24.2	2.0	54837.72770260073	119342.2919021062	80150.32449544648
1428	24.2	2.25	57303.492213101745	130931.50059249425	79144.20648466442
1429	24.2	2.5	56386.87232793644	115213.76476765712	76144.39972030194
1433	24.3	1.0	51934.67445028384	125477.33225822473	75569.28750152542
1432	24.3	0.75	50373.38836618869	120230.00014227536	74740.48766147501
1434	24.3	1.25	51886.31296592367	118120.45241370161	72792.1287940336
1435	24.3	1.5	52557.80049654851	109906.21107854493	75065.44874875124
1437	24.3	2.0	53628.79506970722	131744.89197579562	81483.91172185066
1436	24.3	1.75	54754.555134069	119372.19284849706	78120.98293608638
1430	24.3	0.25	50581.55851188216	117989.79934971206	73948.65804769516
1431	24.3	0.5	51141.35860644891	117441.36174589858	74151.90416889296
1439	24.3	2.5	58799.74479144842	109081.86139102113	68854.84056780774
1438	24.3	2.25	58363.91922465116	125227.86215475069	80863.61772876135
1449	24.4	2.5	56760.82364417882	117085.75861458885	79788.48202031475
1448	24.4	2.25	57087.64077184062	140823.2887320126	85795.58023393176
1445	24.4	1.5	53201.10831032554	112743.88792647548	74680.71371146303
1444	24.4	1.25	51436.44777730837	125631.44265252672	78069.7244667725
1447	24.4	2.0	55686.80699868324	130886.75667621428	84000.88646820991
1446	24.4	1.75	54004.42302027352	117789.44075452696	76945.62538784974
1441	24.4	0.5	51234.24027894652	123364.9881989929	76695.68650261078
1440	24.4	0.25	50540.75248161658	119654.24759925906	74018.71638807518
1443	24.4	1.0	50784.81506155493	117623.1254073863	74082.4147013096
1442	24.4	0.75	50954.36326878928	121474.379138871	72993.76247769786
1459	24.5	2.5	56043.92285479056	124363.1057267166	81150.50222540366
1458	24.5	2.25	56197.03243120147	119142.8891445269	77578.54349999607
1455	24.5	1.5	53217.03972215743	127734.36836447749	79860.95665310149
1454	24.5	1.25	52171.46868709831	127364.46876754216	81292.73077038625
1457	24.5	2.0	55438.53974029652	118714.53286949272	77698.72226274418
1456	24.5	1.75	53547.400289194935	118259.26311602708	83036.37060720417
1451	24.5	0.5	50728.91611923219	118912.56880098121	74594.82115762285
1450	24.5	0.25	50637.62167600858	120222.10031904792	74975.8409730635
1453	24.5	1.0	50773.17855637562	124561.56513434243	76750.6054143924
1452	24.5	0.75	51284.46922734063	121033.40075511935	74690.72386487701
1469	24.6	2.5	55175.3638598421	98181.56050380396	68036.39673745264
1468	24.6	2.25	59269.94969676458	154358.52816189706	92414.57263015043
1467	24.6	2.0	53696.30568078339	107086.55151131155	71170.61474329936
1466	24.6	1.75	54977.581376181195	126428.40221240382	81775.1809507785
1463	24.6	1.0	52069.3247692331	125240.17351699885	77868.32182303764
1462	24.6	0.75	51141.637936845844	120505.54006315838	73437.6432339414
1461	24.6	0.5	50437.38720418444	117539.45247330908	72290.41868083578
1460	24.6	0.25	50839.53237535309	123040.66215826078	76182.91710486778
1465	24.6	1.5	55043.53709450187	122501.44846869815	79850.19136962773
1464	24.6	1.25	52621.67510227932	117724.16461262415	77385.15739927883
1473	24.7	1.0	50698.85026010754	115978.51769041942	74109.26942046269
1472	24.7	0.75	50931.67468700541	124278.13089636515	80083.76660129406
1478	24.7	2.25	56268.02902462282	122987.7554624443	76340.94057737698
1479	24.7	2.5	56859.38865540276	130010.84420902845	83407.51132348762
1477	24.7	2.0	55949.59702358762	121435.5363421218	81129.42002153042
1476	24.7	1.75	53443.51166570143	121424.92585096223	82270.66002621199
1474	24.7	1.25	51548.42838185618	120910.01927192298	78426.72036880527
1475	24.7	1.5	53401.52096100609	118309.21165428436	76296.72672518552
1471	24.7	0.5	51259.27010245943	125142.34701315664	75828.37577580025
1470	24.7	0.25	50541.87664654108	123842.79422947582	76012.74850352215
1480	24.8	0.25	50523.78334565151	123891.7146005388	76265.04856336863
1481	24.8	0.5	50756.76864534713	122464.2279101133	74911.62718994389
1487	24.8	2.0	55055.69375544908	132027.32540733562	88575.14657882821
1486	24.8	1.75	52407.75320170531	126498.62827884426	80430.7448092869
1489	24.8	2.5	59700.15489298435	122631.9465825194	75185.55320569246
1488	24.8	2.25	57288.527734904164	126682.15380350163	81647.02541361222
1483	24.8	1.0	52267.60275380746	123039.54592258032	75995.10024253518
1482	24.8	0.75	51308.65835135941	125554.70986693077	77968.11029375244
1484	24.8	1.25	52169.65771844688	115177.27942309214	76776.83865963786
1485	24.8	1.5	53179.951876666986	125552.55649545924	82654.51035992848
1497	24.9	2.0	54850.023841581504	124577.73927480137	76303.79201333036
1496	24.9	1.75	53934.40879326924	117223.42149761725	76591.80759593849
1494	24.9	1.25	52324.60413438789	126680.4271931008	81783.12797662726
1495	24.9	1.5	55688.56640980844	138397.19296519287	85044.70695449712
1493	24.9	1.0	54615.95593363501	127945.39888670311	79042.30769349869
1492	24.9	0.75	52944.908707827904	124702.22189228934	75774.6268016677
1498	24.9	2.25	55952.56254263141	122558.65415014085	82074.10696099121
1499	24.9	2.5	57105.767949327594	135273.19281281327	86466.50634629095
1490	24.9	0.25	50820.19935809496	124457.69814488007	75344.64355276803
1491	24.9	0.5	51104.33568087731	126215.94770873823	79080.89255147704
1506	25.0	1.75	54938.32153564317	128979.45123169076	83733.54166913636
1504	25.0	1.25	52574.97884953347	116882.39419472814	75336.67527101247
1503	25.0	1.0	52859.796377692364	123099.72371014854	75336.58034744003
1500	25.0	0.25	50638.9449943283	125310.12591283434	77508.4863930818
1505	25.0	1.5	55406.95339334622	136589.80161758183	82965.30697361082
1501	25.0	0.5	51459.72808837274	123821.97073170441	76380.46437281865
1507	25.0	2.0	54517.2109558153	121340.02634726257	78609.14585456686
1508	25.0	2.25	58845.00646680226	123823.09345939913	78887.45326837042
1509	25.0	2.5	59131.41699181209	116838.65217025547	76646.41662651623
1502	25.0	0.75	51441.34855012024	121367.01942687356	76487.40549772202
1515	25.1	2.5	57342.66094612232	100687.27503179162	74450.54026343323
1510	25.1	1.0	53827.078167244545	130261.0507820208	78662.44752192314
1512	25.1	1.5	54201.19915244352	129876.15421618169	83296.80225292307
1511	25.1	1.25	52365.6098291626	123777.55569567901	75651.49065935324
1513	25.1	2.0	55533.68296071525	136100.6267272323	86681.40644661144
1514	25.1	2.25	57744.77069304518	140774.5944039401	87163.45403550647
